1	-1
2	0
3	1
4	2
5	1
6	0
7	1
8	0
9	1
10	2
11	1
12	2
13	3
14	2
15	1
16	0
17	1
18	0
19	1
20	0
21	-1
22	-2
23	-3
24	-4
25	-5
26	-6
27	-5
28	-4
29	-3
30	-2
31	-3
32	-4
33	-3
34	-2
35	-1
36	0
37	-1
38	-2
39	-1
40	-2
41	-3
42	-4
43	-5
44	-4
45	-5
46	-4
47	-5
48	-6
49	-7
50	-6
51	-7
52	-8
53	-9
54	-10
55	-11
56	-10
57	-9
58	-8
59	-7
60	-6
61	-5
62	-6
63	-7
64	-6
65	-5
66	-4
67	-3
68	-4
69	-3
70	-2
71	-1
72	-2
73	-1
74	-2
75	-3
76	-2
77	-1
78	0
79	1
80	0
81	1
82	0
83	1
84	0
85	1
86	0
87	-1
88	-2
89	-1
90	-2
91	-3
92	-2
93	-1
94	-2
95	-1
96	-2
97	-1
98	-2
99	-3
100	-4
101	-5
102	-6
103	-7
104	-6
105	-5
106	-6
107	-7
108	-8
109	-9
110	-8
111	-9
112	-10
113	-9
114	-10
115	-9
116	-10
117	-11
118	-12
119	-13
120	-14
121	-13
122	-12
123	-11
124	-12
125	-11
126	-12
127	-11
128	-12
129	-11
130	-12
131	-13
132	-12
133	-11
134	-12
135	-13
136	-14
137	-13
138	-14
139	-13
140	-12
141	-13
142	-12
143	-11
144	-12
145	-11
146	-12
147	-11
148	-10
149	-9
150	-10
151	-11
152	-12
153	-13
154	-12
155	-13
156	-14
157	-15
158	-16
159	-17
160	-18
161	-17
162	-18
163	-17
164	-18
165	-19
166	-20
167	-19
168	-20
169	-21
170	-20
171	-19
172	-18
173	-17
174	-18
175	-19
176	-20
177	-19
178	-20
179	-19
180	-18
181	-19
182	-18
183	-17
184	-18
185	-19
186	-18
187	-17
188	-16
189	-17
190	-18
191	-17
192	-18
193	-19
194	-18
195	-19
196	-20
197	-21
198	-20
199	-19
200	-18
201	-17
202	-16
203	-15
204	-14
205	-13
206	-14
207	-13
208	-12
209	-11
210	-12
211	-11
212	-12
213	-11
214	-12
215	-13
216	-14
217	-15
218	-14
219	-15
220	-16
221	-15
222	-14
223	-13
224	-14
225	-15
226	-14
227	-15
228	-16
229	-17
230	-18
231	-17
232	-18
233	-19
234	-18
235	-19
236	-20
237	-19
238	-20
239	-21
240	-20
241	-21
242	-20
243	-19
244	-18
245	-19
246	-20
247	-19
248	-20
249	-19
250	-20
251	-19
252	-20
253	-19
254	-18
255	-19
256	-20
257	-19
258	-18
259	-17
260	-18
261	-17
262	-18
263	-17
264	-18
265	-19
266	-18
267	-17
268	-16
269	-15
270	-14
271	-13
272	-14
273	-15
274	-14
275	-15
276	-16
277	-17
278	-16
279	-17
280	-18
281	-17
282	-18
283	-17
284	-16
285	-17
286	-18
287	-19
288	-20
289	-19
290	-18
291	-17
292	-16
293	-15
294	-14
295	-13
296	-14
297	-13
298	-14
299	-15
300	-14
301	-15
302	-14
303	-15
304	-16
305	-17
306	-18
307	-19
308	-20
309	-19
310	-20
311	-21
312	-22
313	-21
314	-20
315	-21
316	-22
317	-23
318	-24
319	-25
320	-24
321	-23
322	-22
323	-21
324	-20
325	-21
326	-22
327	-23
328	-24
329	-23
330	-22
331	-23
332	-24
333	-25
334	-24
335	-23
336	-22
337	-21
338	-20
339	-19
340	-18
341	-17
342	-18
343	-17
344	-18
345	-17
346	-18
347	-19
348	-20
349	-19
350	-18
351	-17
352	-18
353	-19
354	-18
355	-19
356	-18
357	-17
358	-18
359	-17
360	-18
361	-17
362	-18
363	-17
364	-18
365	-17
366	-18
367	-19
368	-20
369	-21
370	-22
371	-23
372	-24
373	-25
374	-24
375	-23
376	-24
377	-23
378	-22
379	-23
380	-24
381	-23
382	-24
383	-25
384	-26
385	-27
386	-28
387	-29
388	-30
389	-31
390	-30
391	-31
392	-32
393	-33
394	-32
395	-31
396	-32
397	-33
398	-34
399	-33
400	-34
401	-35
402	-36
403	-37
404	-38
405	-39
406	-38
407	-39
408	-38
409	-39
410	-40
411	-39
412	-38
413	-39
414	-40
415	-41
416	-42
417	-41
418	-42
419	-43
420	-44
421	-45
422	-44
423	-43
424	-44
425	-45
426	-44
427	-43
428	-44
429	-45
430	-46
431	-45
432	-46
433	-47
434	-48
435	-47
436	-48
437	-47
438	-46
439	-47
440	-46
441	-47
442	-48
443	-47
444	-46
445	-45
446	-44
447	-43
448	-44
449	-45
450	-46
451	-47
452	-46
453	-45
454	-46
455	-47
456	-48
457	-47
458	-46
459	-47
460	-46
461	-45
462	-44
463	-45
464	-44
465	-43
466	-44
467	-45
468	-44
469	-43
470	-44
471	-45
472	-44
473	-43
474	-42
475	-43
476	-42
477	-41
478	-42
479	-43
480	-42
481	-43
482	-44
483	-45
484	-44
485	-45
486	-46
487	-45
488	-46
489	-47
490	-48
491	-49
492	-50
493	-49
494	-48
495	-49
496	-48
497	-47
498	-46
499	-45
500	-46
501	-47
502	-48
503	-47
504	-48
505	-47
506	-46
507	-45
508	-44
509	-43
510	-44
511	-43
512	-42
513	-43
514	-44
515	-43
516	-44
517	-43
518	-44
519	-45
520	-44
521	-45
522	-44
523	-45
524	-44
525	-45
526	-44
527	-43
528	-44
529	-43
530	-42
531	-41
532	-40
533	-41
534	-40
535	-39
536	-40
537	-41
538	-42
539	-43
540	-42
541	-43
542	-42
543	-41
544	-42
545	-43
546	-44
547	-43
548	-42
549	-41
550	-40
551	-41
552	-40
553	-41
554	-42
555	-41
556	-40
557	-39
558	-38
559	-39
560	-40
561	-39
562	-40
563	-39
564	-38
565	-37
566	-38
567	-37
568	-36
569	-35
570	-34
571	-35
572	-34
573	-35
574	-34
575	-33
576	-34
577	-33
578	-32
579	-33
580	-32
581	-33
582	-34
583	-35
584	-34
585	-33
586	-32
587	-31
588	-32
589	-33
590	-32
591	-31
592	-32
593	-33
594	-34
595	-33
596	-32
597	-31
598	-30
599	-31
600	-32
601	-33
602	-34
603	-33
604	-32
605	-31
606	-32
607	-31
608	-30
609	-29
610	-28
611	-29
612	-30
613	-29
614	-28
615	-29
616	-30
617	-29
618	-30
619	-29
620	-30
621	-29
622	-30
623	-31
624	-30
625	-29
626	-28
627	-27
628	-28
629	-27
630	-28
631	-29
632	-28
633	-27
634	-28
635	-27
636	-28
637	-27
638	-28
639	-27
640	-26
641	-27
642	-26
643	-27
644	-26
645	-27
646	-28
647	-27
648	-26
649	-27
650	-26
651	-27
652	-28
653	-29
654	-28
655	-29
656	-30
657	-29
658	-30
659	-31
660	-30
661	-29
662	-30
663	-31
664	-32
665	-33
666	-32
667	-33
668	-34
669	-33
670	-34
671	-35
672	-36
673	-35
674	-34
675	-33
676	-32
677	-33
678	-34
679	-33
680	-34
681	-35
682	-36
683	-37
684	-36
685	-35
686	-34
687	-33
688	-32
689	-31
690	-32
691	-31
692	-30
693	-31
694	-32
695	-33
696	-34
697	-35
698	-36
699	-37
700	-36
701	-37
702	-38
703	-37
704	-36
705	-35
706	-36
707	-35
708	-36
709	-37
710	-38
711	-39
712	-40
713	-41
714	-40
715	-39
716	-40
717	-39
718	-38
719	-37
720	-38
721	-39
722	-38
723	-37
724	-38
725	-39
726	-40
727	-39
728	-40
729	-39
730	-40
731	-39
732	-40
733	-41
734	-40
735	-39
736	-38
737	-37
738	-36
739	-35
740	-34
741	-33
742	-32
743	-33
744	-34
745	-35
746	-34
747	-35
748	-36
749	-37
750	-38
751	-39
752	-40
753	-41
754	-42
755	-43
756	-42
757	-41
758	-40
759	-39
760	-38
761	-37
762	-38
763	-39
764	-38
765	-39
766	-40
767	-39
768	-38
769	-39
770	-40
771	-39
772	-38
773	-37
774	-38
775	-39
776	-40
777	-39
778	-38
779	-37
780	-36
781	-35
782	-34
783	-35
784	-36
785	-35
786	-36
787	-35
788	-34
789	-33
790	-34
791	-33
792	-34
793	-35
794	-36
795	-37
796	-38
797	-37
798	-38
799	-39
800	-40
801	-41
802	-40
803	-41
804	-42
805	-43
806	-42
807	-43
808	-42
809	-43
810	-44
811	-45
812	-44
813	-43
814	-42
815	-43
816	-42
817	-41
818	-42
819	-41
820	-40
821	-41
822	-40
823	-39
824	-38
825	-39
826	-40
827	-41
828	-42
829	-43
830	-44
831	-43
832	-42
833	-43
834	-44
835	-43
836	-42
837	-43
838	-44
839	-45
840	-46
841	-47
842	-48
843	-47
844	-46
845	-45
846	-46
847	-47
848	-48
849	-49
850	-50
851	-51
852	-50
853	-51
854	-52
855	-51
856	-52
857	-51
858	-52
859	-51
860	-50
861	-51
862	-52
863	-53
864	-52
865	-51
866	-50
867	-49
868	-50
869	-51
870	-52
871	-53
872	-52
873	-51
874	-50
875	-51
876	-50
877	-51
878	-50
879	-49
880	-48
881	-49
882	-50
883	-51
884	-52
885	-51
886	-50
887	-49
888	-48
889	-47
890	-46
891	-47
892	-48
893	-49
894	-48
895	-47
896	-48
897	-47
898	-48
899	-49
900	-50
901	-49
902	-50
903	-49
904	-50
905	-51
906	-52
907	-51
908	-50
909	-49
910	-50
911	-51
912	-52
913	-53
914	-52
915	-53
916	-52
917	-53
918	-54
919	-53
920	-52
921	-51
922	-52
923	-53
924	-52
925	-53
926	-52
927	-53
928	-52
929	-51
930	-52
931	-51
932	-52
933	-51
934	-50
935	-49
936	-50
937	-51
938	-50
939	-51
940	-52
941	-53
942	-52
943	-53
944	-54
945	-53
946	-52
947	-53
948	-52
949	-51
950	-50
951	-49
952	-50
953	-49
954	-50
955	-51
956	-50
957	-51
958	-52
959	-53
960	-52
961	-51
962	-52
963	-51
964	-50
965	-51
966	-50
967	-51
968	-50
969	-49
970	-50
971	-49
972	-50
973	-51
974	-50
975	-51
976	-52
977	-51
978	-50
979	-51
980	-52
981	-53
982	-52
983	-53
984	-52
985	-53
986	-52
987	-53
988	-54
989	-53
990	-54
991	-53
992	-54
993	-53
994	-52
995	-53
996	-52
997	-53
998	-52
999	-51
1000	-50
1001	-51
1002	-52
1003	-51
1004	-52
1005	-53
1006	-52
1007	-53
1008	-54
1009	-53
1010	-54
1011	-55
1012	-56
1013	-55
1014	-54
1015	-55
1016	-54
1017	-55
1018	-56
1019	-57
1020	-56
1021	-57
1022	-56
1023	-57
1024	-58
1025	-57
1026	-56
1027	-57
1028	-56
1029	-57
1030	-56
1031	-57
1032	-58
1033	-57
1034	-58
1035	-59
1036	-58
1037	-57
1038	-56
1039	-55
1040	-56
1041	-55
1042	-56
1043	-55
1044	-56
1045	-55
1046	-54
1047	-53
1048	-52
1049	-51
1050	-52
1051	-51
1052	-52
1053	-51
1054	-52
1055	-53
1056	-54
1057	-53
1058	-52
1059	-53
1060	-54
1061	-55
1062	-56
1063	-55
1064	-56
1065	-55
1066	-56
1067	-57
1068	-56
1069	-57
1070	-58
1071	-59
1072	-58
1073	-59
1074	-58
1075	-57
1076	-58
1077	-57
1078	-58
1079	-57
1080	-56
1081	-55
1082	-56
1083	-57
1084	-56
1085	-55
1086	-56
1087	-55
1088	-54
1089	-53
1090	-52
1091	-51
1092	-50
1093	-49
1094	-48
1095	-49
1096	-48
1097	-47
1098	-48
1099	-47
1100	-46
1101	-45
1102	-44
1103	-43
1104	-44
1105	-45
1106	-44
1107	-45
1108	-46
1109	-45
1110	-44
1111	-45
1112	-46
1113	-45
1114	-44
1115	-43
1116	-44
1117	-45
1118	-44
1119	-43
1120	-42
1121	-41
1122	-40
1123	-39
1124	-38
1125	-39
1126	-40
1127	-41
1128	-42
1129	-43
1130	-42
1131	-41
1132	-42
1133	-43
1134	-42
1135	-41
1136	-42
1137	-41
1138	-42
1139	-43
1140	-44
1141	-43
1142	-42
1143	-41
1144	-42
1145	-43
1146	-42
1147	-43
1148	-42
1149	-41
1150	-42
1151	-43
1152	-44
1153	-45
1154	-46
1155	-45
1156	-46
1157	-45
1158	-44
1159	-45
1160	-44
1161	-45
1162	-44
1163	-45
1164	-46
1165	-47
1166	-48
1167	-49
1168	-48
1169	-49
1170	-48
1171	-49
1172	-50
1173	-49
1174	-50
1175	-51
1176	-50
1177	-49
1178	-48
1179	-49
1180	-50
1181	-49
1182	-48
1183	-47
1184	-46
1185	-45
1186	-44
1187	-45
1188	-44
1189	-45
1190	-46
1191	-47
1192	-46
1193	-47
1194	-48
1195	-49
1196	-48
1197	-47
1198	-48
1199	-47
1200	-48
1201	-47
1202	-46
1203	-47
1204	-48
1205	-47
1206	-48
1207	-49
1208	-48
1209	-47
1210	-46
1211	-47
1212	-48
1213	-47
1214	-48
1215	-49
1216	-50
1217	-51
1218	-52
1219	-53
1220	-54
1221	-55
1222	-56
1223	-55
1224	-54
1225	-55
1226	-54
1227	-55
1228	-56
1229	-55
1230	-56
1231	-55
1232	-56
1233	-55
1234	-54
1235	-53
1236	-54
1237	-53
1238	-52
1239	-51
1240	-50
1241	-51
1242	-50
1243	-51
1244	-50
1245	-51
1246	-50
1247	-51
1248	-52
1249	-51
1250	-52
1251	-51
1252	-50
1253	-51
1254	-50
1255	-51
1256	-50
1257	-49
1258	-50
1259	-51
1260	-52
1261	-53
1262	-52
1263	-51
1264	-50
1265	-51
1266	-50
1267	-51
1268	-52
1269	-53
1270	-54
1271	-55
1272	-56
1273	-55
1274	-54
1275	-53
1276	-54
1277	-55
1278	-56
1279	-57
1280	-56
1281	-55
1282	-56
1283	-57
1284	-58
1285	-59
1286	-60
1287	-59
1288	-60
1289	-59
1290	-60
1291	-59
1292	-60
1293	-59
1294	-60
1295	-59
1296	-60
1297	-59
1298	-60
1299	-59
1300	-58
1301	-59
1302	-60
1303	-59
1304	-60
1305	-61
1306	-62
1307	-63
1308	-62
1309	-63
1310	-62
1311	-63
1312	-64
1313	-63
1314	-64
1315	-65
1316	-64
1317	-63
1318	-64
1319	-63
1320	-62
1321	-63
1322	-62
1323	-61
1324	-60
1325	-61
1326	-60
1327	-59
1328	-60
1329	-59
1330	-58
1331	-59
1332	-60
1333	-61
1334	-60
1335	-59
1336	-60
1337	-61
1338	-62
1339	-63
1340	-62
1341	-61
1342	-60
1343	-59
1344	-58
1345	-59
1346	-58
1347	-59
1348	-58
1349	-57
1350	-56
1351	-55
1352	-54
1353	-55
1354	-56
1355	-55
1356	-56
1357	-55
1358	-56
1359	-55
1360	-54
1361	-55
1362	-56
1363	-55
1364	-56
1365	-57
1366	-56
1367	-55
1368	-54
1369	-55
1370	-54
1371	-53
1372	-54
1373	-55
1374	-56
1375	-57
1376	-56
1377	-57
1378	-56
1379	-55
1380	-56
1381	-57
1382	-58
1383	-57
1384	-58
1385	-57
1386	-58
1387	-57
1388	-58
1389	-59
1390	-58
1391	-57
1392	-58
1393	-59
1394	-60
1395	-61
1396	-62
1397	-61
1398	-60
1399	-61
1400	-62
1401	-63
1402	-62
1403	-63
1404	-64
1405	-65
1406	-64
1407	-65
1408	-64
1409	-65
1410	-64
1411	-63
1412	-62
1413	-61
1414	-62
1415	-63
1416	-62
1417	-61
1418	-60
1419	-59
1420	-58
1421	-57
1422	-58
1423	-59
1424	-60
1425	-61
1426	-60
1427	-59
1428	-60
1429	-59
1430	-58
1431	-59
1432	-58
1433	-59
1434	-60
1435	-61
1436	-62
1437	-63
1438	-62
1439	-61
1440	-60
1441	-59
1442	-58
1443	-57
1444	-56
1445	-55
1446	-56
1447	-55
1448	-56
1449	-55
1450	-56
1451	-55
1452	-54
1453	-55
1454	-54
1455	-53
1456	-52
1457	-53
1458	-54
1459	-53
1460	-54
1461	-55
1462	-56
1463	-55
1464	-54
1465	-55
1466	-56
1467	-57
1468	-58
1469	-59
1470	-60
1471	-59
1472	-58
1473	-57
1474	-58
1475	-59
1476	-60
1477	-59
1478	-60
1479	-61
1480	-60
1481	-61
1482	-60
1483	-59
1484	-60
1485	-61
1486	-60
1487	-61
1488	-62
1489	-63
1490	-64
1491	-65
1492	-64
1493	-63
1494	-62
1495	-63
1496	-64
1497	-65
1498	-66
1499	-65
1500	-66
1501	-67
1502	-68
1503	-69
1504	-68
1505	-69
1506	-70
1507	-71
1508	-70
1509	-71
1510	-70
1511	-69
1512	-68
1513	-67
1514	-68
1515	-69
1516	-68
1517	-69
1518	-70
1519	-71
1520	-70
1521	-69
1522	-68
1523	-69
1524	-68
1525	-69
1526	-70
1527	-71
1528	-72
1529	-71
1530	-72
1531	-71
1532	-70
1533	-69
1534	-70
1535	-69
1536	-70
1537	-69
1538	-68
1539	-69
1540	-70
1541	-69
1542	-70
1543	-69
1544	-70
1545	-69
1546	-70
1547	-71
1548	-72
1549	-73
1550	-74
1551	-75
1552	-76
1553	-77
1554	-76
1555	-77
1556	-78
1557	-77
1558	-78
1559	-77
1560	-76
1561	-77
1562	-76
1563	-77
1564	-76
1565	-77
1566	-76
1567	-75
1568	-76
1569	-75
1570	-74
1571	-75
1572	-76
1573	-77
1574	-76
1575	-77
1576	-78
1577	-79
1578	-78
1579	-79
1580	-78
1581	-77
1582	-76
1583	-75
1584	-76
1585	-77
1586	-76
1587	-75
1588	-76
1589	-77
1590	-78
1591	-77
1592	-78
1593	-79
1594	-78
1595	-77
1596	-78
1597	-77
1598	-76
1599	-75
1600	-74
1601	-73
1602	-74
1603	-75
1604	-74
1605	-75
1606	-74
1607	-75
1608	-76
1609	-75
1610	-74
1611	-75
1612	-74
1613	-73
1614	-74
1615	-73
1616	-72
1617	-71
1618	-72
1619	-73
1620	-74
1621	-73
1622	-74
1623	-73
1624	-74
1625	-75
1626	-76
1627	-75
1628	-74
1629	-75
1630	-76
1631	-77
1632	-78
1633	-77
1634	-76
1635	-75
1636	-74
1637	-75
1638	-74
1639	-73
1640	-74
1641	-73
1642	-74
1643	-73
1644	-72
1645	-71
1646	-70
1647	-71
1648	-70
1649	-71
1650	-70
1651	-71
1652	-70
1653	-69
1654	-68
1655	-67
1656	-66
1657	-65
1658	-64
1659	-63
1660	-62
1661	-61
1662	-62
1663	-61
1664	-60
1665	-61
1666	-60
1667	-59
1668	-58
1669	-57
1670	-56
1671	-55
1672	-54
1673	-55
1674	-54
1675	-55
1676	-54
1677	-53
1678	-52
1679	-51
1680	-52
1681	-51
1682	-50
1683	-51
1684	-50
1685	-49
1686	-50
1687	-51
1688	-50
1689	-51
1690	-50
1691	-49
1692	-50
1693	-49
1694	-48
1695	-49
1696	-48
1697	-49
1698	-48
1699	-47
1700	-48
1701	-49
1702	-48
1703	-47
1704	-46
1705	-45
1706	-44
1707	-45
1708	-44
1709	-43
1710	-42
1711	-41
1712	-40
1713	-41
1714	-42
1715	-41
1716	-40
1717	-41
1718	-42
1719	-41
1720	-42
1721	-43
1722	-42
1723	-43
1724	-44
1725	-45
1726	-44
1727	-45
1728	-46
1729	-45
1730	-44
1731	-45
1732	-44
1733	-43
1734	-42
1735	-43
1736	-44
1737	-45
1738	-46
1739	-45
1740	-46
1741	-45
1742	-46
1743	-47
1744	-48
1745	-47
1746	-48
1747	-49
1748	-50
1749	-51
1750	-52
1751	-51
1752	-50
1753	-49
1754	-50
1755	-51
1756	-50
1757	-51
1758	-50
1759	-51
1760	-50
1761	-51
1762	-52
1763	-53
1764	-52
1765	-51
1766	-52
1767	-51
1768	-52
1769	-51
1770	-52
1771	-51
1772	-50
1773	-51
1774	-52
1775	-51
1776	-52
1777	-51
1778	-50
1779	-51
1780	-50
1781	-49
1782	-50
1783	-49
1784	-48
1785	-47
1786	-48
1787	-49
1788	-48
1789	-49
1790	-48
1791	-49
1792	-50
1793	-51
1794	-52
1795	-51
1796	-52
1797	-53
1798	-52
1799	-51
1800	-52
1801	-53
1802	-54
1803	-55
1804	-56
1805	-57
1806	-58
1807	-57
1808	-58
1809	-59
1810	-60
1811	-61
1812	-62
1813	-61
1814	-62
1815	-63
1816	-64
1817	-63
1818	-64
1819	-65
1820	-66
1821	-67
1822	-66
1823	-67
1824	-68
1825	-67
1826	-68
1827	-67
1828	-66
1829	-67
1830	-68
1831	-67
1832	-66
1833	-67
1834	-68
1835	-67
1836	-68
1837	-69
1838	-70
1839	-69
1840	-68
1841	-67
1842	-68
1843	-67
1844	-68
1845	-69
1846	-70
1847	-69
1848	-68
1849	-67
1850	-66
1851	-65
1852	-66
1853	-67
1854	-68
1855	-67
1856	-66
1857	-67
1858	-66
1859	-65
1860	-64
1861	-63
1862	-62
1863	-63
1864	-64
1865	-65
1866	-66
1867	-65
1868	-66
1869	-65
1870	-64
1871	-65
1872	-64
1873	-63
1874	-64
1875	-65
1876	-66
1877	-65
1878	-64
1879	-63
1880	-64
1881	-63
1882	-64
1883	-63
1884	-64
1885	-63
1886	-62
1887	-63
1888	-62
1889	-63
1890	-64
1891	-65
1892	-64
1893	-63
1894	-62
1895	-61
1896	-62
1897	-61
1898	-62
1899	-63
1900	-62
1901	-61
1902	-60
1903	-61
1904	-60
1905	-61
1906	-62
1907	-61
1908	-60
1909	-59
1910	-58
1911	-59
1912	-58
1913	-57
1914	-58
1915	-59
1916	-60
1917	-59
1918	-58
1919	-59
1920	-60
1921	-59
1922	-60
1923	-61
1924	-62
1925	-63
1926	-62
1927	-63
1928	-62
1929	-61
1930	-62
1931	-63
1932	-64
1933	-65
1934	-66
1935	-65
1936	-64
1937	-63
1938	-62
1939	-63
1940	-62
1941	-61
1942	-62
1943	-63
1944	-64
1945	-65
1946	-64
1947	-63
1948	-64
1949	-63
1950	-62
1951	-61
1952	-62
1953	-63
1954	-64
1955	-65
1956	-66
1957	-65
1958	-66
1959	-67
1960	-68
1961	-69
1962	-68
1963	-69
1964	-68
1965	-67
1966	-66
1967	-65
1968	-66
1969	-67
1970	-68
1971	-69
1972	-70
1973	-69
1974	-70
1975	-69
1976	-68
1977	-69
1978	-70
1979	-69
1980	-68
1981	-69
1982	-70
1983	-71
1984	-72
1985	-73
1986	-72
1987	-73
1988	-74
1989	-75
1990	-74
1991	-75
1992	-74
1993	-75
1994	-76
1995	-75
1996	-76
1997	-77
1998	-76
1999	-75
2000	-74
2001	-75
2002	-74
2003	-75
2004	-76
2005	-77
2006	-76
2007	-75
2008	-76
2009	-75
2010	-76
2011	-75
2012	-74
2013	-75
2014	-76
2015	-77
2016	-78
2017	-79
2018	-78
2019	-77
2020	-78
2021	-77
2022	-76
2023	-75
2024	-76
2025	-75
2026	-74
2027	-75
2028	-74
2029	-75
2030	-74
2031	-75
2032	-74
2033	-73
2034	-74
2035	-73
2036	-74
2037	-75
2038	-74
2039	-73
2040	-72
2041	-73
2042	-74
2043	-75
2044	-76
2045	-77
2046	-78
2047	-79
2048	-80
2049	-79
2050	-78
2051	-79
2052	-78
2053	-77
2054	-78
2055	-79
2056	-80
2057	-81
2058	-82
2059	-81
2060	-82
2061	-81
2062	-82
2063	-83
2064	-84
2065	-85
2066	-86
2067	-85
2068	-86
2069	-87
2070	-88
2071	-87
2072	-88
2073	-87
2074	-88
2075	-87
2076	-88
2077	-87
2078	-88
2079	-87
2080	-88
2081	-89
2082	-90
2083	-89
2084	-88
2085	-87
2086	-86
2087	-85
2088	-84
2089	-85
2090	-84
2091	-85
2092	-84
2093	-83
2094	-82
2095	-81
2096	-82
2097	-83
2098	-84
2099	-85
2100	-86
2101	-85
2102	-84
2103	-83
2104	-84
2105	-85
2106	-84
2107	-83
2108	-82
2109	-81
2110	-80
2111	-79
2112	-80
2113	-81
2114	-80
2115	-79
2116	-80
2117	-79
2118	-80
2119	-81
2120	-82
2121	-83
2122	-82
2123	-83
2124	-82
2125	-81
2126	-80
2127	-81
2128	-80
2129	-79
2130	-80
2131	-81
2132	-82
2133	-81
2134	-80
2135	-79
2136	-78
2137	-79
2138	-80
2139	-81
2140	-82
2141	-81
2142	-80
2143	-79
2144	-80
2145	-81
2146	-80
2147	-81
2148	-80
2149	-81
2150	-82
2151	-83
2152	-82
2153	-81
2154	-82
2155	-83
2156	-82
2157	-81
2158	-80
2159	-81
2160	-80
2161	-81
2162	-80
2163	-81
2164	-82
2165	-83
2166	-82
2167	-83
2168	-84
2169	-83
2170	-84
2171	-83
2172	-82
2173	-81
2174	-82
2175	-83
2176	-84
2177	-83
2178	-82
2179	-83
2180	-82
2181	-81
2182	-80
2183	-79
2184	-80
2185	-81
2186	-82
2187	-81
2188	-82
2189	-83
2190	-84
2191	-83
2192	-84
2193	-85
2194	-86
2195	-85
2196	-84
2197	-83
2198	-84
2199	-85
2200	-86
2201	-87
2202	-88
2203	-87
2204	-88
2205	-87
2206	-86
2207	-85
2208	-84
2209	-85
2210	-84
2211	-85
2212	-86
2213	-87
2214	-86
2215	-87
2216	-88
2217	-89
2218	-88
2219	-89
2220	-88
2221	-89
2222	-88
2223	-89
2224	-90
2225	-91
2226	-90
2227	-89
2228	-88
2229	-87
2230	-88
2231	-89
2232	-90
2233	-89
2234	-88
2235	-89
2236	-90
2237	-89
2238	-90
2239	-89
2240	-90
2241	-89
2242	-88
2243	-89
2244	-90
2245	-91
2246	-90
2247	-91
2248	-90
2249	-91
2250	-92
2251	-93
2252	-92
2253	-93
2254	-92
2255	-91
2256	-92
2257	-91
2258	-92
2259	-91
2260	-92
2261	-91
2262	-90
2263	-91
2264	-92
2265	-93
2266	-94
2267	-93
2268	-92
2269	-91
2270	-90
2271	-89
2272	-88
2273	-89
2274	-90
2275	-89
2276	-90
2277	-91
2278	-90
2279	-91
2280	-90
2281	-91
2282	-90
2283	-89
2284	-88
2285	-87
2286	-88
2287	-87
2288	-88
2289	-87
2290	-88
2291	-89
2292	-88
2293	-87
2294	-88
2295	-89
2296	-88
2297	-87
2298	-88
2299	-87
2300	-86
2301	-85
2302	-84
2303	-83
2304	-82
2305	-81
2306	-82
2307	-83
2308	-82
2309	-81
2310	-80
2311	-79
2312	-78
2313	-77
2314	-78
2315	-77
2316	-76
2317	-77
2318	-76
2319	-75
2320	-76
2321	-77
2322	-76
2323	-77
2324	-78
2325	-79
2326	-78
2327	-77
2328	-76
2329	-77
2330	-78
2331	-79
2332	-80
2333	-81
2334	-82
2335	-83
2336	-84
2337	-85
2338	-86
2339	-85
2340	-86
2341	-85
2342	-84
2343	-83
2344	-84
2345	-85
2346	-86
2347	-87
2348	-88
2349	-89
2350	-88
2351	-89
2352	-88
2353	-89
2354	-90
2355	-89
2356	-90
2357	-89
2358	-88
2359	-87
2360	-88
2361	-87
2362	-88
2363	-87
2364	-88
2365	-87
2366	-86
2367	-87
2368	-86
2369	-85
2370	-86
2371	-85
2372	-84
2373	-85
2374	-86
2375	-87
2376	-88
2377	-87
2378	-86
2379	-85
2380	-84
2381	-83
2382	-82
2383	-81
2384	-80
2385	-79
2386	-80
2387	-81
2388	-80
2389	-81
2390	-80
2391	-79
2392	-78
2393	-79
2394	-78
2395	-77
2396	-78
2397	-77
2398	-76
2399	-77
2400	-78
2401	-77
2402	-78
2403	-79
2404	-80
2405	-79
2406	-80
2407	-81
2408	-80
2409	-79
2410	-78
2411	-79
2412	-80
2413	-81
2414	-82
2415	-81
2416	-80
2417	-81
2418	-80
2419	-81
2420	-82
2421	-81
2422	-80
2423	-79
2424	-78
2425	-77
2426	-78
2427	-79
2428	-80
2429	-79
2430	-80
2431	-81
2432	-82
2433	-83
2434	-84
2435	-83
2436	-84
2437	-85
2438	-86
2439	-87
2440	-86
2441	-85
2442	-84
2443	-83
2444	-84
2445	-83
2446	-84
2447	-83
2448	-84
2449	-85
2450	-86
2451	-85
2452	-84
2453	-85
2454	-86
2455	-85
2456	-84
2457	-83
2458	-82
2459	-81
2460	-80
2461	-81
2462	-80
2463	-79
2464	-80
2465	-79
2466	-78
2467	-77
2468	-78
2469	-79
2470	-80
2471	-81
2472	-82
2473	-83
2474	-82
2475	-83
2476	-84
2477	-85
2478	-84
2479	-83
2480	-84
2481	-83
2482	-84
2483	-83
2484	-82
2485	-83
2486	-82
2487	-83
2488	-82
2489	-83
2490	-84
2491	-85
2492	-84
2493	-85
2494	-86
2495	-87
2496	-88
2497	-87
2498	-86
2499	-85
2500	-84
2501	-83
2502	-82
2503	-81
2504	-82
2505	-81
2506	-80
2507	-79
2508	-80
2509	-81
2510	-80
2511	-79
2512	-78
2513	-77
2514	-76
2515	-77
2516	-76
2517	-75
2518	-76
2519	-75
2520	-76
2521	-75
2522	-74
2523	-75
2524	-76
2525	-77
2526	-76
2527	-77
2528	-78
2529	-77
2530	-76
2531	-77
2532	-76
2533	-77
2534	-76
2535	-75
2536	-76
2537	-77
2538	-76
2539	-75
2540	-74
2541	-73
2542	-72
2543	-71
2544	-70
2545	-69
2546	-68
2547	-67
2548	-66
2549	-65
2550	-64
2551	-63
2552	-64
2553	-65
2554	-64
2555	-63
2556	-62
2557	-61
2558	-60
2559	-61
2560	-60
2561	-59
2562	-58
2563	-59
2564	-58
2565	-57
2566	-58
2567	-59
2568	-58
2569	-57
2570	-58
2571	-59
2572	-60
2573	-61
2574	-62
2575	-63
2576	-64
2577	-63
2578	-62
2579	-61
2580	-60
2581	-61
2582	-62
2583	-63
2584	-64
2585	-63
2586	-62
2587	-63
2588	-64
2589	-63
2590	-62
2591	-61
2592	-60
2593	-61
2594	-60
2595	-61
2596	-60
2597	-59
2598	-60
2599	-61
2600	-62
2601	-63
2602	-62
2603	-61
2604	-60
2605	-59
2606	-60
2607	-59
2608	-58
2609	-59
2610	-60
2611	-61
2612	-60
2613	-59
2614	-60
2615	-61
2616	-62
2617	-63
2618	-62
2619	-61
2620	-60
2621	-61
2622	-60
2623	-61
2624	-62
2625	-63
2626	-64
2627	-65
2628	-64
2629	-65
2630	-66
2631	-67
2632	-66
2633	-65
2634	-64
2635	-63
2636	-64
2637	-65
2638	-66
2639	-65
2640	-66
2641	-67
2642	-66
2643	-67
2644	-68
2645	-67
2646	-66
2647	-67
2648	-68
2649	-69
2650	-68
2651	-69
2652	-70
2653	-71
2654	-72
2655	-73
2656	-72
2657	-71
2658	-72
2659	-73
2660	-74
2661	-75
2662	-74
2663	-73
2664	-72
2665	-71
2666	-70
2667	-71
2668	-70
2669	-71
2670	-70
2671	-69
2672	-70
2673	-69
2674	-70
2675	-69
2676	-70
2677	-69
2678	-68
2679	-69
2680	-70
2681	-69
2682	-70
2683	-69
2684	-70
2685	-69
2686	-70
2687	-69
2688	-70
2689	-71
2690	-70
2691	-71
2692	-70
2693	-69
2694	-68
2695	-67
2696	-66
2697	-67
2698	-66
2699	-67
2700	-68
2701	-69
2702	-68
2703	-69
2704	-70
2705	-71
2706	-70
2707	-69
2708	-68
2709	-67
2710	-68
2711	-67
2712	-66
2713	-67
2714	-66
2715	-65
2716	-64
2717	-65
2718	-64
2719	-63
2720	-64
2721	-63
2722	-64
2723	-63
2724	-62
2725	-61
2726	-62
2727	-61
2728	-62
2729	-63
2730	-62
2731	-61
2732	-62
2733	-63
2734	-62
2735	-61
2736	-60
2737	-61
2738	-62
2739	-61
2740	-62
2741	-63
2742	-64
2743	-65
2744	-66
2745	-67
2746	-68
2747	-67
2748	-66
2749	-67
2750	-68
2751	-67
2752	-68
2753	-69
2754	-70
2755	-71
2756	-70
2757	-69
2758	-70
2759	-71
2760	-70
2761	-71
2762	-72
2763	-71
2764	-70
2765	-71
2766	-70
2767	-71
2768	-70
2769	-71
2770	-72
2771	-71
2772	-70
2773	-69
2774	-68
2775	-67
2776	-68
2777	-67
2778	-68
2779	-67
2780	-68
2781	-67
2782	-66
2783	-65
2784	-66
2785	-65
2786	-64
2787	-65
2788	-64
2789	-63
2790	-62
2791	-61
2792	-62
2793	-61
2794	-60
2795	-59
2796	-60
2797	-59
2798	-58
2799	-59
2800	-58
2801	-59
2802	-60
2803	-61
2804	-62
2805	-63
2806	-62
2807	-63
2808	-64
2809	-65
2810	-66
2811	-67
2812	-66
2813	-67
2814	-66
2815	-65
2816	-64
2817	-65
2818	-66
2819	-65
2820	-66
2821	-67
2822	-68
2823	-67
2824	-68
2825	-67
2826	-68
2827	-67
2828	-68
2829	-69
2830	-68
2831	-69
2832	-70
2833	-69
2834	-70
2835	-71
2836	-72
2837	-73
2838	-72
2839	-71
2840	-70
2841	-71
2842	-72
2843	-73
2844	-74
2845	-73
2846	-74
2847	-73
2848	-74
2849	-75
2850	-76
2851	-75
2852	-74
2853	-73
2854	-72
2855	-73
2856	-72
2857	-73
2858	-72
2859	-71
2860	-70
2861	-69
2862	-68
2863	-67
2864	-68
2865	-69
2866	-68
2867	-67
2868	-68
2869	-69
2870	-70
2871	-69
2872	-70
2873	-69
2874	-70
2875	-69
2876	-68
2877	-67
2878	-66
2879	-65
2880	-64
2881	-65
2882	-64
2883	-65
2884	-64
2885	-63
2886	-62
2887	-61
2888	-62
2889	-61
2890	-60
2891	-61
2892	-60
2893	-59
2894	-58
2895	-59
2896	-58
2897	-57
2898	-56
2899	-57
2900	-58
2901	-59
2902	-58
2903	-59
2904	-60
2905	-61
2906	-60
2907	-61
2908	-62
2909	-61
2910	-60
2911	-59
2912	-58
2913	-57
2914	-56
2915	-57
2916	-56
2917	-55
2918	-54
2919	-53
2920	-52
2921	-53
2922	-52
2923	-51
2924	-50
2925	-51
2926	-52
2927	-51
2928	-52
2929	-53
2930	-52
2931	-53
2932	-54
2933	-55
2934	-54
2935	-55
2936	-54
2937	-53
2938	-54
2939	-55
2940	-56
2941	-57
2942	-56
2943	-57
2944	-58
2945	-57
2946	-58
2947	-57
2948	-58
2949	-57
2950	-56
2951	-55
2952	-56
2953	-55
2954	-54
2955	-53
2956	-52
2957	-51
2958	-50
2959	-51
2960	-50
2961	-51
2962	-52
2963	-53
2964	-52
2965	-53
2966	-52
2967	-51
2968	-50
2969	-51
2970	-52
2971	-51
2972	-50
2973	-49
2974	-50
2975	-49
2976	-48
2977	-47
2978	-46
2979	-45
2980	-44
2981	-45
2982	-44
2983	-45
2984	-46
2985	-47
2986	-48
2987	-49
2988	-50
2989	-51
2990	-50
2991	-51
2992	-50
2993	-51
2994	-50
2995	-51
2996	-50
2997	-49
2998	-48
2999	-49
3000	-48
3001	-49
3002	-48
3003	-49
3004	-48
3005	-47
3006	-46
3007	-45
3008	-44
3009	-43
3010	-42
3011	-41
3012	-40
3013	-41
3014	-42
3015	-43
3016	-42
3017	-41
3018	-42
3019	-41
3020	-42
3021	-43
3022	-44
3023	-45
3024	-44
3025	-45
3026	-46
3027	-47
3028	-46
3029	-45
3030	-46
3031	-47
3032	-48
3033	-47
3034	-46
3035	-45
3036	-44
3037	-45
3038	-44
3039	-45
3040	-46
3041	-45
3042	-46
3043	-47
3044	-46
3045	-47
3046	-46
3047	-47
3048	-46
3049	-47
3050	-46
3051	-45
3052	-46
3053	-47
3054	-46
3055	-45
3056	-46
3057	-45
3058	-46
3059	-45
3060	-46
3061	-45
3062	-44
3063	-45
3064	-44
3065	-45
3066	-44
3067	-45
3068	-44
3069	-43
3070	-42
3071	-43
3072	-42
3073	-41
3074	-42
3075	-41
3076	-42
3077	-43
3078	-44
3079	-43
3080	-42
3081	-43
3082	-42
3083	-41
3084	-42
3085	-41
3086	-40
3087	-41
3088	-42
3089	-43
3090	-42
3091	-43
3092	-42
3093	-41
3094	-40
3095	-41
3096	-40
3097	-41
3098	-40
3099	-41
3100	-42
3101	-43
3102	-42
3103	-41
3104	-40
3105	-39
3106	-40
3107	-41
3108	-40
3109	-39
3110	-40
3111	-41
3112	-42
3113	-41
3114	-40
3115	-41
3116	-42
3117	-43
3118	-42
3119	-41
3120	-42
3121	-41
3122	-40
3123	-39
3124	-38
3125	-37
3126	-36
3127	-35
3128	-36
3129	-37
3130	-36
3131	-37
3132	-36
3133	-35
3134	-34
3135	-33
3136	-32
3137	-31
3138	-32
3139	-31
3140	-30
3141	-31
3142	-30
3143	-29
3144	-30
3145	-29
3146	-30
3147	-29
3148	-28
3149	-27
3150	-28
3151	-27
3152	-26
3153	-25
3154	-26
3155	-27
3156	-26
3157	-25
3158	-26
3159	-25
3160	-24
3161	-25
3162	-24
3163	-25
3164	-26
3165	-27
3166	-28
3167	-27
3168	-26
3169	-25
3170	-26
3171	-27
3172	-26
3173	-27
3174	-26
3175	-25
3176	-24
3177	-23
3178	-22
3179	-21
3180	-22
3181	-23
3182	-24
3183	-23
3184	-24
3185	-25
3186	-26
3187	-27
3188	-28
3189	-27
3190	-28
3191	-29
3192	-30
3193	-31
3194	-32
3195	-31
3196	-32
3197	-31
3198	-30
3199	-29
3200	-30
3201	-31
3202	-32
3203	-31
3204	-30
3205	-29
3206	-28
3207	-27
3208	-26
3209	-25
3210	-26
3211	-25
3212	-24
3213	-25
3214	-24
3215	-23
3216	-24
3217	-25
3218	-26
3219	-25
3220	-26
3221	-27
3222	-28
3223	-27
3224	-28
3225	-27
3226	-28
3227	-27
3228	-26
3229	-27
3230	-28
3231	-27
3232	-28
3233	-29
3234	-28
3235	-27
3236	-28
3237	-27
3238	-28
3239	-29
3240	-30
3241	-29
3242	-30
3243	-31
3244	-30
3245	-31
3246	-32
3247	-33
3248	-34
3249	-33
3250	-32
3251	-31
3252	-32
3253	-33
3254	-32
3255	-33
3256	-34
3257	-33
3258	-32
3259	-33
3260	-32
3261	-33
3262	-32
3263	-31
3264	-32
3265	-31
3266	-32
3267	-33
3268	-34
3269	-33
3270	-32
3271	-33
3272	-32
3273	-33
3274	-32
3275	-31
3276	-32
3277	-33
3278	-32
3279	-33
3280	-32
3281	-33
3282	-34
3283	-33
3284	-32
3285	-33
3286	-34
3287	-33
3288	-34
3289	-35
3290	-34
3291	-35
3292	-36
3293	-35
3294	-34
3295	-33
3296	-34
3297	-35
3298	-36
3299	-35
3300	-34
3301	-35
3302	-34
3303	-33
3304	-32
3305	-31
3306	-30
3307	-31
3308	-32
3309	-31
3310	-32
3311	-33
3312	-34
3313	-33
3314	-34
3315	-33
3316	-32
3317	-33
3318	-34
3319	-33
3320	-32
3321	-33
3322	-32
3323	-33
3324	-32
3325	-31
3326	-30
3327	-31
3328	-30
3329	-29
3330	-28
3331	-29
3332	-30
3333	-31
3334	-32
3335	-33
3336	-32
3337	-31
3338	-32
3339	-31
3340	-32
3341	-33
3342	-34
3343	-35
3344	-36
3345	-37
3346	-38
3347	-37
3348	-38
3349	-37
3350	-36
3351	-35
3352	-36
3353	-35
3354	-36
3355	-37
3356	-36
3357	-35
3358	-36
3359	-37
3360	-38
3361	-37
3362	-36
3363	-37
3364	-38
3365	-39
3366	-38
3367	-37
3368	-38
3369	-37
3370	-38
3371	-39
3372	-38
3373	-39
3374	-38
3375	-39
3376	-40
3377	-39
3378	-40
3379	-41
3380	-42
3381	-41
3382	-40
3383	-41
3384	-42
3385	-43
3386	-44
3387	-45
3388	-46
3389	-45
3390	-46
3391	-47
3392	-48
3393	-49
3394	-48
3395	-49
3396	-50
3397	-49
3398	-50
3399	-51
3400	-52
3401	-51
3402	-50
3403	-51
3404	-50
3405	-51
3406	-52
3407	-51
3408	-50
3409	-51
3410	-50
3411	-49
3412	-50
3413	-49
3414	-48
3415	-49
3416	-50
3417	-51
3418	-50
3419	-49
3420	-50
3421	-49
3422	-48
3423	-49
3424	-48
3425	-49
3426	-48
3427	-49
3428	-48
3429	-47
3430	-46
3431	-47
3432	-48
3433	-49
3434	-50
3435	-49
3436	-48
3437	-47
3438	-46
3439	-45
3440	-44
3441	-43
3442	-44
3443	-43
3444	-44
3445	-45
3446	-46
3447	-45
3448	-44
3449	-45
3450	-46
3451	-47
3452	-48
3453	-49
3454	-50
3455	-51
3456	-52
3457	-53
3458	-52
3459	-51
3460	-50
3461	-51
3462	-52
3463	-51
3464	-52
3465	-53
3466	-54
3467	-55
3468	-56
3469	-57
3470	-56
3471	-57
3472	-58
3473	-57
3474	-58
3475	-59
3476	-58
3477	-57
3478	-58
3479	-59
3480	-58
3481	-59
3482	-58
3483	-59
3484	-60
3485	-59
3486	-58
3487	-57
3488	-58
3489	-57
3490	-58
3491	-57
3492	-58
3493	-59
3494	-60
3495	-61
3496	-62
3497	-63
3498	-64
3499	-63
3500	-62
3501	-61
3502	-62
3503	-61
3504	-60
3505	-61
3506	-60
3507	-61
3508	-60
3509	-59
3510	-58
3511	-57
3512	-56
3513	-57
3514	-56
3515	-57
3516	-58
3517	-57
3518	-58
3519	-57
3520	-56
3521	-55
3522	-54
3523	-53
3524	-52
3525	-53
3526	-52
3527	-51
3528	-50
3529	-49
3530	-48
3531	-47
3532	-48
3533	-47
3534	-46
3535	-47
3536	-48
3537	-47
3538	-46
3539	-45
3540	-46
3541	-45
3542	-46
3543	-45
3544	-44
3545	-43
3546	-42
3547	-43
3548	-42
3549	-43
3550	-44
3551	-43
3552	-44
3553	-43
3554	-44
3555	-45
3556	-44
3557	-45
3558	-46
3559	-47
3560	-48
3561	-47
3562	-46
3563	-47
3564	-48
3565	-47
3566	-46
3567	-47
3568	-48
3569	-47
3570	-46
3571	-45
3572	-46
3573	-45
3574	-44
3575	-43
3576	-44
3577	-43
3578	-44
3579	-45
3580	-46
3581	-45
3582	-46
3583	-45
3584	-44
3585	-45
3586	-46
3587	-47
3588	-46
3589	-47
3590	-46
3591	-47
3592	-48
3593	-47
3594	-48
3595	-49
3596	-50
3597	-49
3598	-48
3599	-49
3600	-50
3601	-51
3602	-52
3603	-51
3604	-52
3605	-51
3606	-52
3607	-53
3608	-52
3609	-53
3610	-52
3611	-51
3612	-52
3613	-51
3614	-50
3615	-51
3616	-50
3617	-51
3618	-52
3619	-51
3620	-52
3621	-51
3622	-52
3623	-53
3624	-54
3625	-53
3626	-52
3627	-51
3628	-50
3629	-51
3630	-52
3631	-53
3632	-52
3633	-53
3634	-52
3635	-53
3636	-54
3637	-55
3638	-56
3639	-57
3640	-58
3641	-59
3642	-60
3643	-61
3644	-60
3645	-59
3646	-58
3647	-59
3648	-60
3649	-61
3650	-60
3651	-59
3652	-58
3653	-59
3654	-60
3655	-61
3656	-60
3657	-59
3658	-60
3659	-59
3660	-60
3661	-59
3662	-60
3663	-59
3664	-60
3665	-61
3666	-60
3667	-59
3668	-58
3669	-57
3670	-56
3671	-57
3672	-56
3673	-57
3674	-56
3675	-57
3676	-56
3677	-55
3678	-54
3679	-55
3680	-54
3681	-55
3682	-56
3683	-57
3684	-56
3685	-57
3686	-58
3687	-57
3688	-56
3689	-55
3690	-54
3691	-55
3692	-54
3693	-53
3694	-52
3695	-53
3696	-52
3697	-53
3698	-54
3699	-55
3700	-54
3701	-53
3702	-54
3703	-53
3704	-54
3705	-53
3706	-52
3707	-51
3708	-52
3709	-53
3710	-52
3711	-51
3712	-52
3713	-53
3714	-52
3715	-51
3716	-52
3717	-51
3718	-50
3719	-49
3720	-48
3721	-49
3722	-48
3723	-47
3724	-48
3725	-49
3726	-48
3727	-49
3728	-48
3729	-47
3730	-46
3731	-45
3732	-44
3733	-45
3734	-46
3735	-45
3736	-46
3737	-45
3738	-46
3739	-47
3740	-46
3741	-47
3742	-46
3743	-45
3744	-44
3745	-45
3746	-44
3747	-45
3748	-46
3749	-45
3750	-46
3751	-45
3752	-46
3753	-45
3754	-44
3755	-43
3756	-44
3757	-43
3758	-42
3759	-41
3760	-40
3761	-39
3762	-38
3763	-39
3764	-40
3765	-39
3766	-38
3767	-37
3768	-38
3769	-37
3770	-38
3771	-37
3772	-36
3773	-35
3774	-36
3775	-37
3776	-36
3777	-37
3778	-38
3779	-39
3780	-38
3781	-37
3782	-38
3783	-39
3784	-38
3785	-37
3786	-36
3787	-37
3788	-38
3789	-37
3790	-36
3791	-37
3792	-38
3793	-39
3794	-40
3795	-41
3796	-42
3797	-43
3798	-42
3799	-41
3800	-42
3801	-41
3802	-40
3803	-41
3804	-42
3805	-43
3806	-44
3807	-43
3808	-42
3809	-41
3810	-40
3811	-41
3812	-42
3813	-43
3814	-44
3815	-45
3816	-46
3817	-47
3818	-48
3819	-47
3820	-46
3821	-47
3822	-46
3823	-47
3824	-48
3825	-49
3826	-50
3827	-49
3828	-48
3829	-47
3830	-46
3831	-47
3832	-46
3833	-45
3834	-44
3835	-43
3836	-44
3837	-43
3838	-42
3839	-43
3840	-42
3841	-41
3842	-42
3843	-41
3844	-42
3845	-43
3846	-44
3847	-45
3848	-46
3849	-45
3850	-46
3851	-47
3852	-48
3853	-49
3854	-48
3855	-47
3856	-46
3857	-45
3858	-46
3859	-47
3860	-46
3861	-47
3862	-46
3863	-45
3864	-46
3865	-47
3866	-48
3867	-47
3868	-48
3869	-49
3870	-50
3871	-51
3872	-50
3873	-51
3874	-52
3875	-53
3876	-52
3877	-51
3878	-50
3879	-51
3880	-50
3881	-49
3882	-48
3883	-49
3884	-50
3885	-51
3886	-52
3887	-51
3888	-52
3889	-53
3890	-54
3891	-53
3892	-54
3893	-55
3894	-54
3895	-55
3896	-56
3897	-55
3898	-56
3899	-57
3900	-58
3901	-59
3902	-60
3903	-61
3904	-60
3905	-59
3906	-58
3907	-59
3908	-60
3909	-61
3910	-60
3911	-59
3912	-60
3913	-61
3914	-60
3915	-61
3916	-60
3917	-59
3918	-58
3919	-57
3920	-58
3921	-59
3922	-60
3923	-61
3924	-62
3925	-63
3926	-62
3927	-61
3928	-60
3929	-61
3930	-62
3931	-63
3932	-64
3933	-65
3934	-66
3935	-65
3936	-66
3937	-67
3938	-66
3939	-65
3940	-66
3941	-65
3942	-66
3943	-65
3944	-66
3945	-65
3946	-64
3947	-65
3948	-64
3949	-63
3950	-62
3951	-61
3952	-60
3953	-59
3954	-60
3955	-59
3956	-58
3957	-57
3958	-56
3959	-55
3960	-54
3961	-55
3962	-56
3963	-57
3964	-56
3965	-55
3966	-54
3967	-53
3968	-54
3969	-53
3970	-52
3971	-51
3972	-52
3973	-53
3974	-54
3975	-55
3976	-54
3977	-55
3978	-54
3979	-55
3980	-56
3981	-55
3982	-56
3983	-57
3984	-56
3985	-55
3986	-56
3987	-55
3988	-56
3989	-57
3990	-58
3991	-59
3992	-60
3993	-59
3994	-60
3995	-59
3996	-58
3997	-57
3998	-58
3999	-57
4000	-58
4001	-59
4002	-60
4003	-61
4004	-62
4005	-61
4006	-60
4007	-59
4008	-60
4009	-59
4010	-60
4011	-59
4012	-60
4013	-61
4014	-62
4015	-61
4016	-62
4017	-61
4018	-60
4019	-59
4020	-60
4021	-61
4022	-62
4023	-63
4024	-64
4025	-65
4026	-64
4027	-63
4028	-64
4029	-65
4030	-66
4031	-65
4032	-64
4033	-65
4034	-64
4035	-65
4036	-66
4037	-65
4038	-64
4039	-65
4040	-64
4041	-65
4042	-64
4043	-65
4044	-64
4045	-65
4046	-66
4047	-65
4048	-66
4049	-67
4050	-68
4051	-69
4052	-70
4053	-69
4054	-70
4055	-69
4056	-68
4057	-67
4058	-66
4059	-67
4060	-68
4061	-67
4062	-66
4063	-67
4064	-66
4065	-67
4066	-68
4067	-69
4068	-70
4069	-69
4070	-70
4071	-69
4072	-68
4073	-67
4074	-66
4075	-67
4076	-68
4077	-67
4078	-66
4079	-65
4080	-64
4081	-65
4082	-66
4083	-65
4084	-66
4085	-67
4086	-66
4087	-65
4088	-66
4089	-67
4090	-68
4091	-69
4092	-70
4093	-71
4094	-70
4095	-71
4096	-72
4097	-73
4098	-72
4099	-71
4100	-70
4101	-69
4102	-70
4103	-71
4104	-70
4105	-71
4106	-72
4107	-71
4108	-72
4109	-71
4110	-72
4111	-71
4112	-70
4113	-69
4114	-68
4115	-67
4116	-66
4117	-67
4118	-66
4119	-65
4120	-66
4121	-67
4122	-66
4123	-67
4124	-66
4125	-67
4126	-68
4127	-67
4128	-68
4129	-69
4130	-70
4131	-69
4132	-70
4133	-71
4134	-72
4135	-71
4136	-72
4137	-71
4138	-72
4139	-71
4140	-72
4141	-73
4142	-72
4143	-71
4144	-70
4145	-71
4146	-70
4147	-71
4148	-70
4149	-71
4150	-72
4151	-71
4152	-72
4153	-71
4154	-70
4155	-71
4156	-72
4157	-73
4158	-72
4159	-71
4160	-70
4161	-69
4162	-70
4163	-69
4164	-70
4165	-69
4166	-68
4167	-67
4168	-68
4169	-67
4170	-66
4171	-65
4172	-64
4173	-65
4174	-64
4175	-63
4176	-62
4177	-63
4178	-64
4179	-63
4180	-62
4181	-63
4182	-62
4183	-61
4184	-60
4185	-59
4186	-58
4187	-59
4188	-60
4189	-61
4190	-60
4191	-59
4192	-60
4193	-59
4194	-58
4195	-57
4196	-56
4197	-55
4198	-56
4199	-55
4200	-56
4201	-57
4202	-58
4203	-57
4204	-56
4205	-57
4206	-58
4207	-57
4208	-56
4209	-55
4210	-54
4211	-55
4212	-54
4213	-53
4214	-54
4215	-53
4216	-52
4217	-51
4218	-50
4219	-51
4220	-50
4221	-49
4222	-50
4223	-49
4224	-48
4225	-49
4226	-48
4227	-49
4228	-48
4229	-47
4230	-46
4231	-45
4232	-46
4233	-45
4234	-44
4235	-45
4236	-44
4237	-45
4238	-46
4239	-45
4240	-46
4241	-45
4242	-44
4243	-43
4244	-42
4245	-43
4246	-42
4247	-43
4248	-42
4249	-43
4250	-42
4251	-41
4252	-40
4253	-41
4254	-40
4255	-41
4256	-42
4257	-41
4258	-40
4259	-39
4260	-40
4261	-41
4262	-40
4263	-41
4264	-42
4265	-41
4266	-40
4267	-39
4268	-38
4269	-37
4270	-38
4271	-39
4272	-38
4273	-37
4274	-36
4275	-35
4276	-36
4277	-35
4278	-34
4279	-35
4280	-36
4281	-37
4282	-36
4283	-37
4284	-36
4285	-35
4286	-36
4287	-37
4288	-38
4289	-39
4290	-38
4291	-37
4292	-38
4293	-37
4294	-36
4295	-37
4296	-38
4297	-37
4298	-38
4299	-39
4300	-38
4301	-39
4302	-40
4303	-41
4304	-42
4305	-41
4306	-42
4307	-43
4308	-44
4309	-45
4310	-44
4311	-43
4312	-42
4313	-43
4314	-42
4315	-43
4316	-42
4317	-43
4318	-42
4319	-41
4320	-40
4321	-41
4322	-40
4323	-39
4324	-40
4325	-39
4326	-38
4327	-39
4328	-40
4329	-39
4330	-40
4331	-39
4332	-40
4333	-41
4334	-40
4335	-39
4336	-38
4337	-39
4338	-38
4339	-37
4340	-36
4341	-37
4342	-38
4343	-37
4344	-38
4345	-39
4346	-38
4347	-37
4348	-38
4349	-37
4350	-38
4351	-39
4352	-38
4353	-39
4354	-40
4355	-39
4356	-40
4357	-39
4358	-38
4359	-37
4360	-38
4361	-39
4362	-38
4363	-37
4364	-38
4365	-37
4366	-36
4367	-35
4368	-34
4369	-35
4370	-34
4371	-33
4372	-34
4373	-35
4374	-36
4375	-37
4376	-38
4377	-37
4378	-38
4379	-37
4380	-38
4381	-37
4382	-36
4383	-35
4384	-36
4385	-37
4386	-38
4387	-37
4388	-38
4389	-37
4390	-38
4391	-37
4392	-36
4393	-37
4394	-38
4395	-39
4396	-38
4397	-37
4398	-38
4399	-37
4400	-36
4401	-35
4402	-36
4403	-35
4404	-36
4405	-37
4406	-36
4407	-37
4408	-38
4409	-39
4410	-40
4411	-39
4412	-38
4413	-39
4414	-40
4415	-39
4416	-38
4417	-37
4418	-36
4419	-37
4420	-38
4421	-37
4422	-36
4423	-37
4424	-38
4425	-37
4426	-36
4427	-37
4428	-36
4429	-35
4430	-34
4431	-33
4432	-34
4433	-35
4434	-34
4435	-35
4436	-36
4437	-35
4438	-36
4439	-35
4440	-34
4441	-35
4442	-36
4443	-37
4444	-38
4445	-39
4446	-38
4447	-37
4448	-36
4449	-35
4450	-34
4451	-35
4452	-36
4453	-35
4454	-36
4455	-35
4456	-34
4457	-35
4458	-34
4459	-35
4460	-34
4461	-35
4462	-34
4463	-35
4464	-34
4465	-33
4466	-34
4467	-33
4468	-32
4469	-33
4470	-34
4471	-33
4472	-34
4473	-35
4474	-34
4475	-35
4476	-34
4477	-33
4478	-32
4479	-33
4480	-32
4481	-33
4482	-32
4483	-33
4484	-34
4485	-35
4486	-34
4487	-33
4488	-32
4489	-33
4490	-34
4491	-35
4492	-34
4493	-33
4494	-34
4495	-35
4496	-34
4497	-33
4498	-32
4499	-33
4500	-32
4501	-33
4502	-32
4503	-33
4504	-34
4505	-33
4506	-32
4507	-33
4508	-34
4509	-33
4510	-32
4511	-33
4512	-32
4513	-33
4514	-32
4515	-31
4516	-32
4517	-31
4518	-30
4519	-29
4520	-28
4521	-27
4522	-28
4523	-29
4524	-30
4525	-31
4526	-30
4527	-31
4528	-32
4529	-33
4530	-34
4531	-35
4532	-34
4533	-33
4534	-34
4535	-33
4536	-32
4537	-31
4538	-32
4539	-31
4540	-32
4541	-33
4542	-32
4543	-31
4544	-32
4545	-33
4546	-34
4547	-35
4548	-34
4549	-33
4550	-34
4551	-35
4552	-34
4553	-35
4554	-34
4555	-35
4556	-34
4557	-33
4558	-34
4559	-35
4560	-36
4561	-35
4562	-34
4563	-33
4564	-34
4565	-33
4566	-34
4567	-33
4568	-32
4569	-31
4570	-30
4571	-31
4572	-30
4573	-29
4574	-28
4575	-27
4576	-26
4577	-25
4578	-24
4579	-25
4580	-24
4581	-23
4582	-22
4583	-23
4584	-24
4585	-25
4586	-24
4587	-25
4588	-24
4589	-25
4590	-26
4591	-25
4592	-24
4593	-25
4594	-26
4595	-25
4596	-26
4597	-27
4598	-28
4599	-29
4600	-28
4601	-29
4602	-28
4603	-27
4604	-28
4605	-29
4606	-28
4607	-27
4608	-28
4609	-27
4610	-26
4611	-25
4612	-26
4613	-25
4614	-24
4615	-25
4616	-24
4617	-25
4618	-24
4619	-23
4620	-24
4621	-25
4622	-24
4623	-25
4624	-24
4625	-25
4626	-26
4627	-27
4628	-28
4629	-27
4630	-26
4631	-27
4632	-28
4633	-27
4634	-28
4635	-29
4636	-30
4637	-31
4638	-32
4639	-31
4640	-32
4641	-31
4642	-32
4643	-31
4644	-32
4645	-33
4646	-32
4647	-31
4648	-32
4649	-31
4650	-30
4651	-31
4652	-30
4653	-31
4654	-32
4655	-31
4656	-32
4657	-31
4658	-30
4659	-29
4660	-28
4661	-29
4662	-28
4663	-27
4664	-28
4665	-29
4666	-30
4667	-31
4668	-32
4669	-31
4670	-32
4671	-33
4672	-34
4673	-33
4674	-32
4675	-31
4676	-30
4677	-29
4678	-30
4679	-29
4680	-28
4681	-27
4682	-26
4683	-27
4684	-26
4685	-25
4686	-26
4687	-25
4688	-24
4689	-23
4690	-24
4691	-23
4692	-24
4693	-23
4694	-24
4695	-23
4696	-22
4697	-23
4698	-22
4699	-23
4700	-24
4701	-25
4702	-26
4703	-25
4704	-24
4705	-23
4706	-22
4707	-23
4708	-22
4709	-23
4710	-24
4711	-25
4712	-26
4713	-27
4714	-26
4715	-27
4716	-28
4717	-29
4718	-28
4719	-29
4720	-28
4721	-29
4722	-28
4723	-29
4724	-30
4725	-29
4726	-30
4727	-31
4728	-32
4729	-33
4730	-34
4731	-35
4732	-34
4733	-33
4734	-34
4735	-35
4736	-34
4737	-33
4738	-32
4739	-33
4740	-32
4741	-33
4742	-34
4743	-33
4744	-32
4745	-33
4746	-34
4747	-35
4748	-36
4749	-37
4750	-38
4751	-37
4752	-36
4753	-37
4754	-38
4755	-37
4756	-38
4757	-39
4758	-40
4759	-39
4760	-40
4761	-41
4762	-40
4763	-39
4764	-40
4765	-39
4766	-40
4767	-39
4768	-38
4769	-39
4770	-40
4771	-39
4772	-40
4773	-39
4774	-40
4775	-41
4776	-42
4777	-41
4778	-42
4779	-41
4780	-42
4781	-41
4782	-40
4783	-41
4784	-40
4785	-41
4786	-42
4787	-41
4788	-40
4789	-41
4790	-42
4791	-43
4792	-42
4793	-41
4794	-40
4795	-41
4796	-42
4797	-41
4798	-42
4799	-41
4800	-40
4801	-41
4802	-40
4803	-39
4804	-38
4805	-37
4806	-38
4807	-39
4808	-38
4809	-39
4810	-38
4811	-39
4812	-38
4813	-37
4814	-38
4815	-39
4816	-40
4817	-41
4818	-42
4819	-41
4820	-40
4821	-41
4822	-40
4823	-39
4824	-38
4825	-39
4826	-40
4827	-39
4828	-40
4829	-41
4830	-40
4831	-41
4832	-42
4833	-43
4834	-42
4835	-43
4836	-44
4837	-43
4838	-42
4839	-41
4840	-40
4841	-39
4842	-38
4843	-39
4844	-38
4845	-37
4846	-36
4847	-37
4848	-36
4849	-37
4850	-36
4851	-35
4852	-34
4853	-35
4854	-36
4855	-35
4856	-34
4857	-35
4858	-34
4859	-33
4860	-32
4861	-31
4862	-30
4863	-29
4864	-30
4865	-29
4866	-28
4867	-29
4868	-28
4869	-29
4870	-30
4871	-29
4872	-30
4873	-31
4874	-30
4875	-29
4876	-28
4877	-27
4878	-28
4879	-27
4880	-26
4881	-25
4882	-24
4883	-25
4884	-24
4885	-23
4886	-22
4887	-21
4888	-22
4889	-21
4890	-20
4891	-19
4892	-18
4893	-17
4894	-16
4895	-15
4896	-16
4897	-15
4898	-16
4899	-17
4900	-18
4901	-17
4902	-18
4903	-19
4904	-18
4905	-19
4906	-18
4907	-19
4908	-20
4909	-21
4910	-22
4911	-23
4912	-24
4913	-25
4914	-26
4915	-27
4916	-28
4917	-29
4918	-28
4919	-27
4920	-26
4921	-25
4922	-26
4923	-25
4924	-24
4925	-23
4926	-24
4927	-25
4928	-26
4929	-25
4930	-24
4931	-25
4932	-24
4933	-23
4934	-24
4935	-25
4936	-24
4937	-25
4938	-26
4939	-25
4940	-26
4941	-25
4942	-26
4943	-25
4944	-26
4945	-27
4946	-26
4947	-25
4948	-26
4949	-27
4950	-26
4951	-27
4952	-26
4953	-27
4954	-28
4955	-27
4956	-28
4957	-27
4958	-28
4959	-27
4960	-28
4961	-27
4962	-26
4963	-25
4964	-26
4965	-25
4966	-24
4967	-25
4968	-26
4969	-27
4970	-26
4971	-27
4972	-26
4973	-27
4974	-28
4975	-27
4976	-26
4977	-25
4978	-24
4979	-25
4980	-26
4981	-27
4982	-28
4983	-29
4984	-28
4985	-27
4986	-26
4987	-27
4988	-28
4989	-27
4990	-28
4991	-29
4992	-30
4993	-29
4994	-30
4995	-29
4996	-30
4997	-29
4998	-30
4999	-29
5000	-28
5001	-27
5002	-28
5003	-29
5004	-30
5005	-29
5006	-30
5007	-29
5008	-28
5009	-27
5010	-28
5011	-27
5012	-26
5013	-27
5014	-26
5015	-27
5016	-28
5017	-27
5018	-26
5019	-25
5020	-26
5021	-25
5022	-24
5023	-25
5024	-26
5025	-25
5026	-24
5027	-25
5028	-24
5029	-25
5030	-26
5031	-25
5032	-26
5033	-27
5034	-26
5035	-25
5036	-26
5037	-25
5038	-26
5039	-25
5040	-24
5041	-25
5042	-24
5043	-25
5044	-26
5045	-27
5046	-26
5047	-27
5048	-26
5049	-27
5050	-26
5051	-25
5052	-24
5053	-23
5054	-24
5055	-23
5056	-22
5057	-21
5058	-22
5059	-21
5060	-20
5061	-19
5062	-18
5063	-17
5064	-18
5065	-17
5066	-18
5067	-19
5068	-20
5069	-19
5070	-20
5071	-19
5072	-18
5073	-17
5074	-18
5075	-17
5076	-18
5077	-19
5078	-18
5079	-19
5080	-20
5081	-21
5082	-22
5083	-23
5084	-22
5085	-23
5086	-22
5087	-23
5088	-22
5089	-23
5090	-24
5091	-23
5092	-24
5093	-23
5094	-22
5095	-23
5096	-22
5097	-23
5098	-24
5099	-23
5100	-22
5101	-23
5102	-24
5103	-23
5104	-22
5105	-21
5106	-20
5107	-19
5108	-20
5109	-21
5110	-22
5111	-23
5112	-22
5113	-23
5114	-22
5115	-21
5116	-20
5117	-21
5118	-22
5119	-21
5120	-22
5121	-21
5122	-22
5123	-21
5124	-20
5125	-19
5126	-18
5127	-17
5128	-18
5129	-19
5130	-18
5131	-19
5132	-20
5133	-21
5134	-22
5135	-23
5136	-24
5137	-25
5138	-24
5139	-25
5140	-26
5141	-25
5142	-24
5143	-25
5144	-26
5145	-25
5146	-26
5147	-25
5148	-24
5149	-23
5150	-22
5151	-23
5152	-24
5153	-25
5154	-26
5155	-25
5156	-26
5157	-25
5158	-24
5159	-25
5160	-26
5161	-25
5162	-26
5163	-27
5164	-28
5165	-29
5166	-28
5167	-27
5168	-26
5169	-25
5170	-24
5171	-25
5172	-26
5173	-27
5174	-28
5175	-27
5176	-28
5177	-27
5178	-26
5179	-25
5180	-24
5181	-25
5182	-26
5183	-25
5184	-24
5185	-25
5186	-24
5187	-25
5188	-24
5189	-23
5190	-22
5191	-23
5192	-24
5193	-25
5194	-26
5195	-25
5196	-26
5197	-25
5198	-24
5199	-23
5200	-24
5201	-25
5202	-24
5203	-25
5204	-26
5205	-25
5206	-24
5207	-23
5208	-22
5209	-21
5210	-20
5211	-21
5212	-22
5213	-23
5214	-22
5215	-21
5216	-22
5217	-23
5218	-22
5219	-23
5220	-22
5221	-23
5222	-24
5223	-23
5224	-22
5225	-21
5226	-22
5227	-23
5228	-24
5229	-25
5230	-26
5231	-27
5232	-28
5233	-29
5234	-30
5235	-29
5236	-30
5237	-31
5238	-32
5239	-33
5240	-34
5241	-33
5242	-34
5243	-33
5244	-34
5245	-35
5246	-36
5247	-35
5248	-34
5249	-33
5250	-32
5251	-33
5252	-34
5253	-35
5254	-36
5255	-37
5256	-36
5257	-35
5258	-34
5259	-35
5260	-36
5261	-35
5262	-36
5263	-35
5264	-34
5265	-33
5266	-32
5267	-33
5268	-34
5269	-35
5270	-36
5271	-37
5272	-38
5273	-39
5274	-40
5275	-39
5276	-38
5277	-39
5278	-38
5279	-37
5280	-36
5281	-37
5282	-36
5283	-35
5284	-34
5285	-33
5286	-32
5287	-31
5288	-30
5289	-31
5290	-30
5291	-29
5292	-30
5293	-29
5294	-28
5295	-29
5296	-30
5297	-31
5298	-30
5299	-29
5300	-30
5301	-31
5302	-30
5303	-29
5304	-30
5305	-29
5306	-28
5307	-27
5308	-28
5309	-27
5310	-26
5311	-25
5312	-26
5313	-25
5314	-24
5315	-25
5316	-26
5317	-27
5318	-28
5319	-27
5320	-28
5321	-27
5322	-26
5323	-25
5324	-26
5325	-27
5326	-26
5327	-27
5328	-26
5329	-25
5330	-24
5331	-25
5332	-24
5333	-23
5334	-24
5335	-23
5336	-22
5337	-23
5338	-24
5339	-23
5340	-24
5341	-25
5342	-26
5343	-27
5344	-26
5345	-27
5346	-28
5347	-27
5348	-28
5349	-27
5350	-26
5351	-25
5352	-24
5353	-23
5354	-22
5355	-21
5356	-20
5357	-19
5358	-20
5359	-21
5360	-20
5361	-21
5362	-20
5363	-19
5364	-18
5365	-17
5366	-18
5367	-17
5368	-18
5369	-17
5370	-16
5371	-15
5372	-16
5373	-15
5374	-16
5375	-17
5376	-16
5377	-15
5378	-14
5379	-13
5380	-14
5381	-13
5382	-14
5383	-15
5384	-14
5385	-15
5386	-14
5387	-15
5388	-16
5389	-15
5390	-16
5391	-17
5392	-16
5393	-15
5394	-16
5395	-15
5396	-16
5397	-15
5398	-16
5399	-15
5400	-16
5401	-15
5402	-16
5403	-15
5404	-16
5405	-15
5406	-16
5407	-15
5408	-16
5409	-17
5410	-16
5411	-17
5412	-16
5413	-17
5414	-16
5415	-15
5416	-16
5417	-17
5418	-18
5419	-17
5420	-16
5421	-17
5422	-18
5423	-17
5424	-16
5425	-17
5426	-18
5427	-17
5428	-18
5429	-19
5430	-20
5431	-19
5432	-18
5433	-19
5434	-18
5435	-19
5436	-20
5437	-21
5438	-22
5439	-23
5440	-22
5441	-23
5442	-24
5443	-25
5444	-26
5445	-27
5446	-28
5447	-29
5448	-28
5449	-29
5450	-28
5451	-27
5452	-28
5453	-27
5454	-26
5455	-25
5456	-26
5457	-27
5458	-26
5459	-25
5460	-26
5461	-27
5462	-28
5463	-27
5464	-28
5465	-27
5466	-28
5467	-29
5468	-30
5469	-31
5470	-30
5471	-31
5472	-30
5473	-31
5474	-30
5475	-31
5476	-32
5477	-31
5478	-30
5479	-31
5480	-30
5481	-31
5482	-30
5483	-31
5484	-32
5485	-33
5486	-34
5487	-33
5488	-32
5489	-31
5490	-32
5491	-33
5492	-34
5493	-33
5494	-32
5495	-31
5496	-32
5497	-33
5498	-32
5499	-31
5500	-32
5501	-33
5502	-34
5503	-35
5504	-36
5505	-35
5506	-36
5507	-37
5508	-36
5509	-35
5510	-34
5511	-35
5512	-36
5513	-37
5514	-38
5515	-39
5516	-38
5517	-39
5518	-40
5519	-39
5520	-40
5521	-39
5522	-38
5523	-37
5524	-38
5525	-37
5526	-36
5527	-37
5528	-38
5529	-39
5530	-40
5531	-41
5532	-42
5533	-43
5534	-42
5535	-41
5536	-42
5537	-41
5538	-40
5539	-41
5540	-42
5541	-43
5542	-42
5543	-43
5544	-42
5545	-43
5546	-44
5547	-43
5548	-42
5549	-43
5550	-44
5551	-43
5552	-44
5553	-45
5554	-46
5555	-47
5556	-46
5557	-47
5558	-48
5559	-47
5560	-46
5561	-45
5562	-46
5563	-45
5564	-44
5565	-43
5566	-42
5567	-43
5568	-42
5569	-41
5570	-42
5571	-41
5572	-40
5573	-41
5574	-40
5575	-41
5576	-42
5577	-43
5578	-44
5579	-43
5580	-44
5581	-45
5582	-44
5583	-45
5584	-44
5585	-45
5586	-44
5587	-45
5588	-44
5589	-43
5590	-44
5591	-43
5592	-42
5593	-43
5594	-42
5595	-43
5596	-42
5597	-41
5598	-40
5599	-41
5600	-40
5601	-41
5602	-40
5603	-39
5604	-38
5605	-39
5606	-38
5607	-39
5608	-38
5609	-39
5610	-38
5611	-37
5612	-36
5613	-37
5614	-36
5615	-37
5616	-38
5617	-37
5618	-38
5619	-37
5620	-38
5621	-39
5622	-38
5623	-37
5624	-36
5625	-35
5626	-34
5627	-33
5628	-34
5629	-33
5630	-32
5631	-31
5632	-30
5633	-31
5634	-30
5635	-31
5636	-32
5637	-33
5638	-32
5639	-33
5640	-32
5641	-31
5642	-32
5643	-31
5644	-30
5645	-31
5646	-30
5647	-31
5648	-30
5649	-29
5650	-28
5651	-29
5652	-28
5653	-27
5654	-26
5655	-27
5656	-28
5657	-27
5658	-26
5659	-25
5660	-26
5661	-27
5662	-28
5663	-27
5664	-26
5665	-27
5666	-28
5667	-29
5668	-30
5669	-29
5670	-28
5671	-27
5672	-28
5673	-29
5674	-28
5675	-27
5676	-28
5677	-27
5678	-26
5679	-25
5680	-24
5681	-23
5682	-24
5683	-25
5684	-26
5685	-25
5686	-26
5687	-25
5688	-26
5689	-27
5690	-26
5691	-25
5692	-26
5693	-25
5694	-24
5695	-23
5696	-22
5697	-23
5698	-24
5699	-23
5700	-22
5701	-23
5702	-24
5703	-23
5704	-24
5705	-23
5706	-24
5707	-25
5708	-24
5709	-23
5710	-24
5711	-23
5712	-22
5713	-21
5714	-22
5715	-21
5716	-22
5717	-23
5718	-24
5719	-25
5720	-24
5721	-25
5722	-26
5723	-27
5724	-26
5725	-27
5726	-26
5727	-27
5728	-26
5729	-27
5730	-26
5731	-27
5732	-26
5733	-25
5734	-24
5735	-23
5736	-24
5737	-23
5738	-24
5739	-23
5740	-22
5741	-21
5742	-22
5743	-23
5744	-24
5745	-25
5746	-26
5747	-27
5748	-28
5749	-27
5750	-28
5751	-27
5752	-28
5753	-27
5754	-26
5755	-27
5756	-26
5757	-25
5758	-26
5759	-25
5760	-26
5761	-25
5762	-24
5763	-23
5764	-24
5765	-25
5766	-26
5767	-27
5768	-28
5769	-29
5770	-28
5771	-29
5772	-28
5773	-29
5774	-30
5775	-29
5776	-28
5777	-27
5778	-26
5779	-25
5780	-24
5781	-25
5782	-26
5783	-27
5784	-28
5785	-29
5786	-30
5787	-29
5788	-30
5789	-29
5790	-28
5791	-29
5792	-30
5793	-29
5794	-28
5795	-27
5796	-28
5797	-27
5798	-26
5799	-25
5800	-26
5801	-25
5802	-24
5803	-23
5804	-22
5805	-23
5806	-24
5807	-23
5808	-24
5809	-23
5810	-24
5811	-25
5812	-26
5813	-27
5814	-28
5815	-29
5816	-30
5817	-29
5818	-28
5819	-27
5820	-26
5821	-27
5822	-28
5823	-27
5824	-26
5825	-25
5826	-24
5827	-23
5828	-24
5829	-23
5830	-22
5831	-23
5832	-22
5833	-23
5834	-22
5835	-21
5836	-20
5837	-21
5838	-22
5839	-23
5840	-24
5841	-25
5842	-26
5843	-27
5844	-28
5845	-29
5846	-30
5847	-29
5848	-28
5849	-29
5850	-30
5851	-29
5852	-30
5853	-31
5854	-30
5855	-31
5856	-32
5857	-31
5858	-32
5859	-31
5860	-32
5861	-31
5862	-32
5863	-31
5864	-32
5865	-33
5866	-32
5867	-31
5868	-30
5869	-31
5870	-30
5871	-31
5872	-30
5873	-29
5874	-30
5875	-31
5876	-30
5877	-31
5878	-30
5879	-31
5880	-32
5881	-31
5882	-32
5883	-33
5884	-34
5885	-35
5886	-34
5887	-33
5888	-32
5889	-33
5890	-32
5891	-31
5892	-32
5893	-31
5894	-32
5895	-33
5896	-34
5897	-35
5898	-36
5899	-37
5900	-36
5901	-37
5902	-36
5903	-35
5904	-34
5905	-35
5906	-34
5907	-33
5908	-34
5909	-33
5910	-32
5911	-33
5912	-32
5913	-33
5914	-32
5915	-31
5916	-30
5917	-29
5918	-30
5919	-29
5920	-30
5921	-31
5922	-32
5923	-33
5924	-32
5925	-31
5926	-32
5927	-31
5928	-30
5929	-29
5930	-30
5931	-29
5932	-30
5933	-29
5934	-30
5935	-31
5936	-30
5937	-29
5938	-30
5939	-29
5940	-28
5941	-27
5942	-26
5943	-27
5944	-26
5945	-27
5946	-26
5947	-27
5948	-26
5949	-25
5950	-24
5951	-25
5952	-24
5953	-23
5954	-24
5955	-25
5956	-24
5957	-25
5958	-26
5959	-25
5960	-24
5961	-23
5962	-24
5963	-25
5964	-26
5965	-25
5966	-24
5967	-23
5968	-24
5969	-23
5970	-24
5971	-25
5972	-26
5973	-25
5974	-26
5975	-25
5976	-26
5977	-25
5978	-26
5979	-25
5980	-26
5981	-25
5982	-24
5983	-25
5984	-24
5985	-25
5986	-26
5987	-25
5988	-26
5989	-25
5990	-24
5991	-25
5992	-24
5993	-23
5994	-22
5995	-21
5996	-22
5997	-23
5998	-22
5999	-21
6000	-22
6001	-21
6002	-20
6003	-19
6004	-18
6005	-17
6006	-16
6007	-15
6008	-14
6009	-15
6010	-14
6011	-15
6012	-16
6013	-15
6014	-16
6015	-17
6016	-16
6017	-17
6018	-16
6019	-17
6020	-18
6021	-17
6022	-16
6023	-15
6024	-14
6025	-15
6026	-14
6027	-13
6028	-12
6029	-13
6030	-14
6031	-13
6032	-12
6033	-13
6034	-12
6035	-11
6036	-12
6037	-11
6038	-10
6039	-9
6040	-8
6041	-9
6042	-8
6043	-7
6044	-6
6045	-7
6046	-8
6047	-7
6048	-8
6049	-9
6050	-10
6051	-9
6052	-10
6053	-9
6054	-8
6055	-7
6056	-6
6057	-5
6058	-6
6059	-7
6060	-8
6061	-9
6062	-10
6063	-11
6064	-10
6065	-9
6066	-8
6067	-9
6068	-10
6069	-11
6070	-12
6071	-11
6072	-12
6073	-11
6074	-10
6075	-9
6076	-8
6077	-9
6078	-10
6079	-11
6080	-12
6081	-11
6082	-10
6083	-9
6084	-8
6085	-9
6086	-8
6087	-9
6088	-8
6089	-9
6090	-8
6091	-7
6092	-8
6093	-9
6094	-8
6095	-7
6096	-6
6097	-7
6098	-6
6099	-7
6100	-8
6101	-9
6102	-8
6103	-7
6104	-6
6105	-5
6106	-4
6107	-5
6108	-4
6109	-3
6110	-2
6111	-1
6112	-2
6113	-1
6114	-2
6115	-3
6116	-2
6117	-3
6118	-2
6119	-3
6120	-4
6121	-5
6122	-6
6123	-5
6124	-6
6125	-7
6126	-6
6127	-7
6128	-6
6129	-5
6130	-6
6131	-7
6132	-6
6133	-7
6134	-8
6135	-9
6136	-10
6137	-9
6138	-8
6139	-7
6140	-6
6141	-5
6142	-6
6143	-5
6144	-6
6145	-7
6146	-8
6147	-7
6148	-6
6149	-7
6150	-6
6151	-7
6152	-8
6153	-9
6154	-10
6155	-11
6156	-12
6157	-11
6158	-10
6159	-9
6160	-10
6161	-11
6162	-10
6163	-9
6164	-10
6165	-11
6166	-12
6167	-13
6168	-14
6169	-15
6170	-16
6171	-15
6172	-16
6173	-17
6174	-18
6175	-17
6176	-18
6177	-19
6178	-20
6179	-21
6180	-22
6181	-21
6182	-22
6183	-23
6184	-24
6185	-25
6186	-26
6187	-25
6188	-24
6189	-23
6190	-24
6191	-23
6192	-24
6193	-23
6194	-24
6195	-25
6196	-26
6197	-25
6198	-26
6199	-25
6200	-26
6201	-25
6202	-26
6203	-25
6204	-26
6205	-27
6206	-28
6207	-29
6208	-28
6209	-29
6210	-30
6211	-31
6212	-30
6213	-29
6214	-30
6215	-31
6216	-30
6217	-29
6218	-28
6219	-29
6220	-30
6221	-31
6222	-32
6223	-31
6224	-32
6225	-31
6226	-32
6227	-33
6228	-34
6229	-35
6230	-34
6231	-33
6232	-34
6233	-35
6234	-36
6235	-35
6236	-36
6237	-35
6238	-34
6239	-33
6240	-32
6241	-33
6242	-34
6243	-33
6244	-34
6245	-35
6246	-34
6247	-35
6248	-36
6249	-37
6250	-38
6251	-37
6252	-36
6253	-37
6254	-36
6255	-37
6256	-38
6257	-39
6258	-38
6259	-37
6260	-36
6261	-37
6262	-38
6263	-39
6264	-38
6265	-39
6266	-40
6267	-41
6268	-40
6269	-39
6270	-38
6271	-37
6272	-36
6273	-35
6274	-36
6275	-35
6276	-36
6277	-37
6278	-38
6279	-37
6280	-38
6281	-37
6282	-36
6283	-37
6284	-38
6285	-37
6286	-38
6287	-37
6288	-38
6289	-37
6290	-38
6291	-39
6292	-40
6293	-41
6294	-40
6295	-41
6296	-40
6297	-39
6298	-40
6299	-41
6300	-42
6301	-41
6302	-40
6303	-39
6304	-40
6305	-39
6306	-40
6307	-39
6308	-38
6309	-39
6310	-38
6311	-37
6312	-36
6313	-37
6314	-36
6315	-37
6316	-36
6317	-37
6318	-38
6319	-37
6320	-38
6321	-37
6322	-38
6323	-37
6324	-38
6325	-39
6326	-38
6327	-39
6328	-40
6329	-41
6330	-42
6331	-41
6332	-40
6333	-41
6334	-42
6335	-41
6336	-42
6337	-41
6338	-40
6339	-41
6340	-40
6341	-39
6342	-40
6343	-39
6344	-38
6345	-39
6346	-38
6347	-37
6348	-36
6349	-37
6350	-38
6351	-39
6352	-38
6353	-37
6354	-36
6355	-37
6356	-36
6357	-37
6358	-38
6359	-39
6360	-38
6361	-39
6362	-40
6363	-39
6364	-38
6365	-37
6366	-38
6367	-37
6368	-36
6369	-35
6370	-36
6371	-37
6372	-38
6373	-37
6374	-38
6375	-39
6376	-40
6377	-41
6378	-40
6379	-41
6380	-42
6381	-41
6382	-40
6383	-41
6384	-42
6385	-41
6386	-40
6387	-39
6388	-40
6389	-39
6390	-38
6391	-37
6392	-38
6393	-39
6394	-38
6395	-37
6396	-38
6397	-39
6398	-38
6399	-37
6400	-38
6401	-37
6402	-38
6403	-37
6404	-38
6405	-39
6406	-38
6407	-39
6408	-40
6409	-41
6410	-42
6411	-43
6412	-44
6413	-43
6414	-44
6415	-45
6416	-44
6417	-43
6418	-42
6419	-41
6420	-42
6421	-41
6422	-42
6423	-41
6424	-42
6425	-43
6426	-42
6427	-43
6428	-42
6429	-43
6430	-44
6431	-43
6432	-44
6433	-45
6434	-44
6435	-45
6436	-44
6437	-43
6438	-42
6439	-41
6440	-42
6441	-41
6442	-42
6443	-43
6444	-44
6445	-45
6446	-44
6447	-43
6448	-42
6449	-43
6450	-44
6451	-43
6452	-42
6453	-43
6454	-44
6455	-43
6456	-42
6457	-43
6458	-42
6459	-41
6460	-40
6461	-39
6462	-38
6463	-37
6464	-36
6465	-35
6466	-34
6467	-35
6468	-36
6469	-37
6470	-36
6471	-37
6472	-38
6473	-37
6474	-36
6475	-37
6476	-36
6477	-35
6478	-36
6479	-35
6480	-34
6481	-35
6482	-34
6483	-35
6484	-34
6485	-35
6486	-36
6487	-37
6488	-36
6489	-37
6490	-36
6491	-35
6492	-36
6493	-35
6494	-34
6495	-33
6496	-34
6497	-33
6498	-34
6499	-33
6500	-32
6501	-33
6502	-32
6503	-31
6504	-30
6505	-29
6506	-30
6507	-29
6508	-28
6509	-27
6510	-26
6511	-27
6512	-26
6513	-25
6514	-26
6515	-25
6516	-26
6517	-27
6518	-26
6519	-27
6520	-28
6521	-29
6522	-30
6523	-31
6524	-32
6525	-31
6526	-30
6527	-31
6528	-30
6529	-31
6530	-32
6531	-33
6532	-32
6533	-31
6534	-32
6535	-33
6536	-34
6537	-35
6538	-34
6539	-33
6540	-34
6541	-33
6542	-34
6543	-35
6544	-34
6545	-33
6546	-34
6547	-35
6548	-36
6549	-37
6550	-36
6551	-37
6552	-36
6553	-35
6554	-36
6555	-35
6556	-36
6557	-35
6558	-34
6559	-35
6560	-36
6561	-37
6562	-38
6563	-37
6564	-38
6565	-39
6566	-38
6567	-39
6568	-38
6569	-37
6570	-36
6571	-35
6572	-36
6573	-37
6574	-36
6575	-37
6576	-38
6577	-37
6578	-36
6579	-37
6580	-38
6581	-39
6582	-38
6583	-39
6584	-40
6585	-41
6586	-42
6587	-43
6588	-42
6589	-41
6590	-42
6591	-43
6592	-42
6593	-41
6594	-42
6595	-43
6596	-42
6597	-41
6598	-40
6599	-39
6600	-38
6601	-39
6602	-40
6603	-41
6604	-42
6605	-43
6606	-44
6607	-45
6608	-44
6609	-43
6610	-42
6611	-41
6612	-42
6613	-43
6614	-44
6615	-45
6616	-44
6617	-45
6618	-46
6619	-47
6620	-46
6621	-47
6622	-46
6623	-47
6624	-48
6625	-47
6626	-48
6627	-47
6628	-48
6629	-47
6630	-46
6631	-45
6632	-46
6633	-47
6634	-48
6635	-47
6636	-48
6637	-49
6638	-48
6639	-49
6640	-50
6641	-51
6642	-50
6643	-51
6644	-50
6645	-49
6646	-50
6647	-49
6648	-50
6649	-51
6650	-52
6651	-53
6652	-52
6653	-53
6654	-52
6655	-51
6656	-52
6657	-51
6658	-50
6659	-51
6660	-52
6661	-51
6662	-50
6663	-51
6664	-52
6665	-51
6666	-50
6667	-49
6668	-48
6669	-49
6670	-50
6671	-51
6672	-50
6673	-51
6674	-52
6675	-51
6676	-50
6677	-49
6678	-48
6679	-47
6680	-48
6681	-47
6682	-46
6683	-45
6684	-46
6685	-47
6686	-46
6687	-47
6688	-46
6689	-45
6690	-44
6691	-43
6692	-42
6693	-43
6694	-42
6695	-41
6696	-42
6697	-43
6698	-44
6699	-43
6700	-44
6701	-45
6702	-46
6703	-47
6704	-48
6705	-49
6706	-50
6707	-49
6708	-48
6709	-49
6710	-48
6711	-49
6712	-50
6713	-49
6714	-50
6715	-51
6716	-50
6717	-49
6718	-50
6719	-51
6720	-52
6721	-53
6722	-52
6723	-51
6724	-50
6725	-51
6726	-52
6727	-53
6728	-54
6729	-53
6730	-54
6731	-55
6732	-54
6733	-53
6734	-52
6735	-53
6736	-52
6737	-53
6738	-52
6739	-53
6740	-54
6741	-53
6742	-54
6743	-55
6744	-54
6745	-53
6746	-52
6747	-53
6748	-52
6749	-51
6750	-50
6751	-49
6752	-50
6753	-51
6754	-52
6755	-51
6756	-50
6757	-49
6758	-48
6759	-49
6760	-48
6761	-47
6762	-48
6763	-49
6764	-48
6765	-47
6766	-46
6767	-47
6768	-48
6769	-49
6770	-50
6771	-49
6772	-48
6773	-49
6774	-50
6775	-51
6776	-52
6777	-51
6778	-52
6779	-51
6780	-50
6781	-49
6782	-48
6783	-47
6784	-48
6785	-47
6786	-48
6787	-47
6788	-46
6789	-45
6790	-44
6791	-43
6792	-42
6793	-43
6794	-44
6795	-43
6796	-44
6797	-45
6798	-44
6799	-43
6800	-44
6801	-45
6802	-44
6803	-45
6804	-44
6805	-43
6806	-42
6807	-43
6808	-44
6809	-43
6810	-44
6811	-43
6812	-44
6813	-45
6814	-44
6815	-43
6816	-44
6817	-43
6818	-42
6819	-43
6820	-44
6821	-45
6822	-46
6823	-47
6824	-46
6825	-45
6826	-44
6827	-45
6828	-44
6829	-43
6830	-42
6831	-43
6832	-42
6833	-43
6834	-44
6835	-43
6836	-44
6837	-45
6838	-46
6839	-47
6840	-46
6841	-45
6842	-46
6843	-45
6844	-44
6845	-43
6846	-44
6847	-45
6848	-44
6849	-43
6850	-42
6851	-41
6852	-42
6853	-41
6854	-42
6855	-43
6856	-42
6857	-41
6858	-40
6859	-41
6860	-40
6861	-39
6862	-40
6863	-41
6864	-40
6865	-41
6866	-42
6867	-41
6868	-42
6869	-41
6870	-42
6871	-43
6872	-44
6873	-45
6874	-44
6875	-45
6876	-46
6877	-47
6878	-46
6879	-47
6880	-46
6881	-47
6882	-46
6883	-47
6884	-48
6885	-49
6886	-50
6887	-49
6888	-50
6889	-51
6890	-50
6891	-51
6892	-50
6893	-51
6894	-52
6895	-51
6896	-52
6897	-51
6898	-52
6899	-53
6900	-54
6901	-53
6902	-54
6903	-55
6904	-54
6905	-53
6906	-54
6907	-55
6908	-56
6909	-55
6910	-54
6911	-55
6912	-56
6913	-55
6914	-54
6915	-55
6916	-56
6917	-55
6918	-54
6919	-53
6920	-52
6921	-53
6922	-52
6923	-51
6924	-50
6925	-49
6926	-48
6927	-47
6928	-46
6929	-47
6930	-48
6931	-47
6932	-48
6933	-47
6934	-46
6935	-45
6936	-46
6937	-45
6938	-44
6939	-43
6940	-42
6941	-41
6942	-42
6943	-41
6944	-40
6945	-39
6946	-38
6947	-37
6948	-36
6949	-35
6950	-34
6951	-33
6952	-34
6953	-35
6954	-36
6955	-35
6956	-36
6957	-35
6958	-34
6959	-35
6960	-34
6961	-33
6962	-32
6963	-31
6964	-32
6965	-33
6966	-34
6967	-35
6968	-36
6969	-35
6970	-34
6971	-35
6972	-36
6973	-35
6974	-34
6975	-33
6976	-32
6977	-31
6978	-32
6979	-31
6980	-32
6981	-31
6982	-32
6983	-33
6984	-32
6985	-33
6986	-32
6987	-33
6988	-34
6989	-35
6990	-34
6991	-35
6992	-36
6993	-37
6994	-36
6995	-37
6996	-36
6997	-35
6998	-36
6999	-37
7000	-36
7001	-35
7002	-36
7003	-37
7004	-38
7005	-39
7006	-38
7007	-37
7008	-38
7009	-37
7010	-38
7011	-37
7012	-36
7013	-35
7014	-34
7015	-35
7016	-34
7017	-33
7018	-34
7019	-33
7020	-34
7021	-35
7022	-36
7023	-35
7024	-36
7025	-35
7026	-34
7027	-33
7028	-34
7029	-35
7030	-36
7031	-37
7032	-38
7033	-39
7034	-38
7035	-37
7036	-36
7037	-37
7038	-38
7039	-37
7040	-36
7041	-37
7042	-36
7043	-35
7044	-36
7045	-35
7046	-36
7047	-35
7048	-34
7049	-33
7050	-32
7051	-31
7052	-30
7053	-29
7054	-28
7055	-29
7056	-30
7057	-31
7058	-32
7059	-31
7060	-32
7061	-31
7062	-32
7063	-33
7064	-32
7065	-33
7066	-32
7067	-33
7068	-34
7069	-33
7070	-34
7071	-35
7072	-34
7073	-33
7074	-34
7075	-33
7076	-32
7077	-31
7078	-30
7079	-31
7080	-32
7081	-33
7082	-34
7083	-35
7084	-34
7085	-33
7086	-32
7087	-33
7088	-34
7089	-33
7090	-32
7091	-31
7092	-30
7093	-31
7094	-32
7095	-33
7096	-32
7097	-31
7098	-30
7099	-31
7100	-32
7101	-31
7102	-32
7103	-31
7104	-32
7105	-31
7106	-30
7107	-31
7108	-30
7109	-29
7110	-28
7111	-27
7112	-28
7113	-27
7114	-26
7115	-27
7116	-26
7117	-27
7118	-26
7119	-27
7120	-28
7121	-29
7122	-28
7123	-27
7124	-26
7125	-27
7126	-28
7127	-29
7128	-30
7129	-29
7130	-28
7131	-29
7132	-30
7133	-31
7134	-32
7135	-31
7136	-30
7137	-31
7138	-30
7139	-31
7140	-32
7141	-33
7142	-34
7143	-35
7144	-34
7145	-33
7146	-32
7147	-31
7148	-30
7149	-29
7150	-28
7151	-29
7152	-30
7153	-31
7154	-30
7155	-31
7156	-30
7157	-31
7158	-32
7159	-31
7160	-32
7161	-31
7162	-32
7163	-31
7164	-32
7165	-31
7166	-32
7167	-31
7168	-30
7169	-29
7170	-30
7171	-31
7172	-32
7173	-33
7174	-34
7175	-33
7176	-34
7177	-33
7178	-34
7179	-35
7180	-34
7181	-33
7182	-34
7183	-35
7184	-36
7185	-37
7186	-36
7187	-35
7188	-34
7189	-35
7190	-36
7191	-35
7192	-36
7193	-37
7194	-38
7195	-39
7196	-38
7197	-37
7198	-36
7199	-35
7200	-34
7201	-35
7202	-36
7203	-37
7204	-38
7205	-39
7206	-38
7207	-39
7208	-40
7209	-41
7210	-42
7211	-41
7212	-42
7213	-41
7214	-40
7215	-39
7216	-38
7217	-39
7218	-40
7219	-39
7220	-40
7221	-41
7222	-40
7223	-39
7224	-38
7225	-39
7226	-38
7227	-39
7228	-40
7229	-39
7230	-38
7231	-39
7232	-40
7233	-39
7234	-38
7235	-39
7236	-38
7237	-39
7238	-38
7239	-37
7240	-38
7241	-37
7242	-36
7243	-37
7244	-36
7245	-37
7246	-38
7247	-37
7248	-38
7249	-39
7250	-40
7251	-41
7252	-42
7253	-41
7254	-42
7255	-41
7256	-40
7257	-41
7258	-40
7259	-41
7260	-42
7261	-41
7262	-40
7263	-41
7264	-42
7265	-41
7266	-42
7267	-43
7268	-42
7269	-41
7270	-40
7271	-41
7272	-42
7273	-41
7274	-42
7275	-43
7276	-42
7277	-41
7278	-42
7279	-43
7280	-42
7281	-41
7282	-42
7283	-41
7284	-42
7285	-43
7286	-44
7287	-45
7288	-44
7289	-43
7290	-42
7291	-41
7292	-40
7293	-41
7294	-42
7295	-43
7296	-42
7297	-43
7298	-42
7299	-43
7300	-44
7301	-43
7302	-42
7303	-43
7304	-42
7305	-43
7306	-42
7307	-43
7308	-42
7309	-41
7310	-42
7311	-41
7312	-40
7313	-41
7314	-40
7315	-41
7316	-42
7317	-41
7318	-40
7319	-39
7320	-38
7321	-37
7322	-36
7323	-37
7324	-38
7325	-37
7326	-38
7327	-39
7328	-40
7329	-41
7330	-42
7331	-43
7332	-42
7333	-43
7334	-44
7335	-43
7336	-44
7337	-43
7338	-44
7339	-43
7340	-44
7341	-45
7342	-44
7343	-43
7344	-44
7345	-43
7346	-42
7347	-43
7348	-44
7349	-45
7350	-46
7351	-47
7352	-48
7353	-47
7354	-46
7355	-45
7356	-44
7357	-43
7358	-42
7359	-43
7360	-44
7361	-45
7362	-46
7363	-47
7364	-48
7365	-47
7366	-46
7367	-47
7368	-46
7369	-45
7370	-46
7371	-47
7372	-46
7373	-47
7374	-48
7375	-49
7376	-48
7377	-49
7378	-48
7379	-47
7380	-48
7381	-49
7382	-50
7383	-51
7384	-50
7385	-51
7386	-50
7387	-51
7388	-52
7389	-51
7390	-52
7391	-53
7392	-52
7393	-51
7394	-52
7395	-53
7396	-54
7397	-55
7398	-54
7399	-55
7400	-54
7401	-55
7402	-56
7403	-55
7404	-56
7405	-57
7406	-56
7407	-57
7408	-56
7409	-57
7410	-58
7411	-59
7412	-58
7413	-59
7414	-58
7415	-59
7416	-60
7417	-61
7418	-60
7419	-59
7420	-60
7421	-59
7422	-60
7423	-61
7424	-60
7425	-59
7426	-60
7427	-59
7428	-60
7429	-59
7430	-58
7431	-57
7432	-56
7433	-57
7434	-58
7435	-59
7436	-58
7437	-57
7438	-58
7439	-59
7440	-60
7441	-59
7442	-60
7443	-59
7444	-60
7445	-59
7446	-60
7447	-61
7448	-62
7449	-63
7450	-62
7451	-63
7452	-64
7453	-65
7454	-66
7455	-67
7456	-66
7457	-67
7458	-66
7459	-67
7460	-66
7461	-65
7462	-64
7463	-63
7464	-62
7465	-61
7466	-62
7467	-63
7468	-62
7469	-61
7470	-62
7471	-63
7472	-64
7473	-65
7474	-66
7475	-65
7476	-64
7477	-63
7478	-62
7479	-61
7480	-62
7481	-63
7482	-64
7483	-65
7484	-66
7485	-67
7486	-66
7487	-65
7488	-64
7489	-63
7490	-64
7491	-63
7492	-62
7493	-61
7494	-60
7495	-59
7496	-58
7497	-59
7498	-58
7499	-57
7500	-58
7501	-59
7502	-58
7503	-59
7504	-60
7505	-59
7506	-60
7507	-61
7508	-62
7509	-63
7510	-62
7511	-61
7512	-60
7513	-61
7514	-62
7515	-61
7516	-60
7517	-59
7518	-60
7519	-61
7520	-62
7521	-63
7522	-64
7523	-65
7524	-66
7525	-67
7526	-68
7527	-69
7528	-70
7529	-69
7530	-70
7531	-71
7532	-72
7533	-71
7534	-72
7535	-71
7536	-70
7537	-71
7538	-72
7539	-73
7540	-72
7541	-71
7542	-70
7543	-69
7544	-70
7545	-69
7546	-68
7547	-67
7548	-68
7549	-69
7550	-68
7551	-69
7552	-70
7553	-71
7554	-72
7555	-73
7556	-72
7557	-73
7558	-72
7559	-73
7560	-72
7561	-73
7562	-74
7563	-75
7564	-76
7565	-75
7566	-74
7567	-73
7568	-74
7569	-73
7570	-74
7571	-75
7572	-76
7573	-75
7574	-74
7575	-75
7576	-74
7577	-73
7578	-72
7579	-71
7580	-72
7581	-71
7582	-72
7583	-73
7584	-72
7585	-73
7586	-74
7587	-75
7588	-76
7589	-77
7590	-78
7591	-79
7592	-78
7593	-77
7594	-76
7595	-75
7596	-76
7597	-77
7598	-76
7599	-75
7600	-76
7601	-75
7602	-76
7603	-75
7604	-76
7605	-75
7606	-76
7607	-75
7608	-76
7609	-75
7610	-74
7611	-75
7612	-76
7613	-75
7614	-76
7615	-75
7616	-74
7617	-73
7618	-74
7619	-73
7620	-72
7621	-71
7622	-70
7623	-71
7624	-72
7625	-71
7626	-70
7627	-71
7628	-70
7629	-69
7630	-70
7631	-71
7632	-72
7633	-73
7634	-72
7635	-73
7636	-72
7637	-73
7638	-74
7639	-73
7640	-74
7641	-75
7642	-76
7643	-75
7644	-76
7645	-77
7646	-76
7647	-77
7648	-78
7649	-79
7650	-80
7651	-81
7652	-80
7653	-81
7654	-82
7655	-81
7656	-80
7657	-79
7658	-80
7659	-79
7660	-78
7661	-79
7662	-80
7663	-81
7664	-80
7665	-81
7666	-82
7667	-83
7668	-82
7669	-83
7670	-84
7671	-85
7672	-86
7673	-87
7674	-88
7675	-89
7676	-90
7677	-91
7678	-90
7679	-91
7680	-90
7681	-89
7682	-90
7683	-89
7684	-90
7685	-89
7686	-88
7687	-87
7688	-86
7689	-85
7690	-84
7691	-85
7692	-86
7693	-85
7694	-86
7695	-85
7696	-86
7697	-87
7698	-86
7699	-87
7700	-88
7701	-87
7702	-86
7703	-85
7704	-84
7705	-85
7706	-86
7707	-85
7708	-86
7709	-85
7710	-86
7711	-85
7712	-84
7713	-85
7714	-86
7715	-87
7716	-86
7717	-87
7718	-88
7719	-89
7720	-90
7721	-91
7722	-90
7723	-91
7724	-90
7725	-91
7726	-90
7727	-91
7728	-90
7729	-91
7730	-92
7731	-93
7732	-92
7733	-93
7734	-94
7735	-95
7736	-94
7737	-95
7738	-96
7739	-95
7740	-94
7741	-95
7742	-96
7743	-97
7744	-98
7745	-99
7746	-98
7747	-99
7748	-98
7749	-97
7750	-96
7751	-97
7752	-96
7753	-97
7754	-98
7755	-99
7756	-100
7757	-101
7758	-100
7759	-99
7760	-98
7761	-97
7762	-98
7763	-97
7764	-98
7765	-97
7766	-98
7767	-97
7768	-98
7769	-99
7770	-100
7771	-101
7772	-102
7773	-103
7774	-102
7775	-103
7776	-104
7777	-103
7778	-104
7779	-105
7780	-104
7781	-105
7782	-104
7783	-103
7784	-102
7785	-103
7786	-102
7787	-103
7788	-102
7789	-103
7790	-104
7791	-105
7792	-106
7793	-105
7794	-106
7795	-107
7796	-108
7797	-109
7798	-110
7799	-111
7800	-112
7801	-113
7802	-114
7803	-113
7804	-114
7805	-115
7806	-114
7807	-113
7808	-112
7809	-113
7810	-112
7811	-111
7812	-112
7813	-113
7814	-112
7815	-111
7816	-112
7817	-111
7818	-110
7819	-109
7820	-108
7821	-109
7822	-108
7823	-109
7824	-110
7825	-111
7826	-110
7827	-111
7828	-110
7829	-111
7830	-110
7831	-111
7832	-110
7833	-109
7834	-110
7835	-111
7836	-110
7837	-111
7838	-110
7839	-109
7840	-108
7841	-109
7842	-108
7843	-109
7844	-110
7845	-111
7846	-110
7847	-109
7848	-110
7849	-111
7850	-110
7851	-111
7852	-110
7853	-109
7854	-110
7855	-109
7856	-110
7857	-109
7858	-110
7859	-109
7860	-110
7861	-109
7862	-108
7863	-107
7864	-108
7865	-109
7866	-110
7867	-109
7868	-108
7869	-107
7870	-108
7871	-109
7872	-108
7873	-107
7874	-108
7875	-109
7876	-108
7877	-109
7878	-110
7879	-111
7880	-112
7881	-111
7882	-112
7883	-113
7884	-114
7885	-115
7886	-116
7887	-117
7888	-118
7889	-117
7890	-118
7891	-117
7892	-116
7893	-117
7894	-116
7895	-117
7896	-116
7897	-115
7898	-114
7899	-113
7900	-114
7901	-113
7902	-114
7903	-115
7904	-116
7905	-115
7906	-114
7907	-113
7908	-114
7909	-115
7910	-114
7911	-115
7912	-116
7913	-115
7914	-116
7915	-115
7916	-114
7917	-113
7918	-114
7919	-115
7920	-116
7921	-115
7922	-116
7923	-117
7924	-118
7925	-117
7926	-118
7927	-119
7928	-120
7929	-119
7930	-120
7931	-119
7932	-120
7933	-119
7934	-118
7935	-119
7936	-118
7937	-119
7938	-118
7939	-119
7940	-118
7941	-117
7942	-118
7943	-117
7944	-116
7945	-115
7946	-114
7947	-115
7948	-116
7949	-117
7950	-118
7951	-119
7952	-118
7953	-119
7954	-118
7955	-119
7956	-120
7957	-119
7958	-118
7959	-117
7960	-116
7961	-115
7962	-116
7963	-117
7964	-118
7965	-117
7966	-118
7967	-117
7968	-116
7969	-117
7970	-116
7971	-117
7972	-118
7973	-119
7974	-120
7975	-119
7976	-118
7977	-117
7978	-116
7979	-117
7980	-118
7981	-117
7982	-118
7983	-117
7984	-116
7985	-115
7986	-114
7987	-115
7988	-114
7989	-113
7990	-114
7991	-113
7992	-112
7993	-113
7994	-112
7995	-113
7996	-112
7997	-113
7998	-114
7999	-113
8000	-112
8001	-111
8002	-112
8003	-111
8004	-110
8005	-111
8006	-112
8007	-113
8008	-114
8009	-113
8010	-114
8011	-115
8012	-114
8013	-115
8014	-116
8015	-117
8016	-116
8017	-115
8018	-114
8019	-113
8020	-112
8021	-113
8022	-112
8023	-113
8024	-112
8025	-113
8026	-112
8027	-111
8028	-110
8029	-111
8030	-110
8031	-109
8032	-110
8033	-109
8034	-110
8035	-111
8036	-110
8037	-109
8038	-110
8039	-109
8040	-110
8041	-109
8042	-108
8043	-107
8044	-106
8045	-105
8046	-104
8047	-105
8048	-104
8049	-103
8050	-104
8051	-105
8052	-106
8053	-107
8054	-106
8055	-105
8056	-106
8057	-107
8058	-106
8059	-105
8060	-104
8061	-103
8062	-102
8063	-103
8064	-104
8065	-105
8066	-106
8067	-107
8068	-106
8069	-105
8070	-106
8071	-107
8072	-106
8073	-105
8074	-106
8075	-107
8076	-108
8077	-107
8078	-106
8079	-107
8080	-106
8081	-107
8082	-106
8083	-107
8084	-108
8085	-109
8086	-110
8087	-111
8088	-110
8089	-109
8090	-108
8091	-109
8092	-108
8093	-109
8094	-110
8095	-111
8096	-112
8097	-113
8098	-114
8099	-113
8100	-114
8101	-113
8102	-114
8103	-115
8104	-114
8105	-113
8106	-114
8107	-115
8108	-114
8109	-113
8110	-114
8111	-115
8112	-114
8113	-113
8114	-112
8115	-113
8116	-114
8117	-115
8118	-116
8119	-117
8120	-118
8121	-119
8122	-120
8123	-119
8124	-118
8125	-117
8126	-116
8127	-117
8128	-118
8129	-117
8130	-118
8131	-117
8132	-116
8133	-115
8134	-114
8135	-113
8136	-114
8137	-115
8138	-116
8139	-117
8140	-116
8141	-115
8142	-116
8143	-117
8144	-118
8145	-117
8146	-118
8147	-117
8148	-118
8149	-117
8150	-118
8151	-119
8152	-118
8153	-117
8154	-118
8155	-117
8156	-118
8157	-119
8158	-120
8159	-119
8160	-120
8161	-119
8162	-118
8163	-117
8164	-116
8165	-117
8166	-116
8167	-115
8168	-114
8169	-115
8170	-116
8171	-117
8172	-118
8173	-117
8174	-118
8175	-117
8176	-116
8177	-117
8178	-116
8179	-117
8180	-118
8181	-117
8182	-118
8183	-119
8184	-118
8185	-119
8186	-120
8187	-119
8188	-120
8189	-121
8190	-122
8191	-121
8192	-120
8193	-121
8194	-122
8195	-123
8196	-122
8197	-123
8198	-122
8199	-123
8200	-122
8201	-121
8202	-122
8203	-121
8204	-122
8205	-121
8206	-120
8207	-119
8208	-118
8209	-117
8210	-118
8211	-117
8212	-116
8213	-115
8214	-114
8215	-115
8216	-114
8217	-115
8218	-116
8219	-115
8220	-116
8221	-117
8222	-118
8223	-119
8224	-120
8225	-121
8226	-122
8227	-121
8228	-122
8229	-123
8230	-122
8231	-123
8232	-124
8233	-125
8234	-124
8235	-123
8236	-124
8237	-123
8238	-124
8239	-123
8240	-122
8241	-123
8242	-122
8243	-121
8244	-122
8245	-123
8246	-124
8247	-123
8248	-122
8249	-123
8250	-122
8251	-123
8252	-124
8253	-123
8254	-122
8255	-123
8256	-122
8257	-123
8258	-122
8259	-123
8260	-124
8261	-123
8262	-124
8263	-125
8264	-124
8265	-123
8266	-122
8267	-121
8268	-122
8269	-123
8270	-124
8271	-125
8272	-124
8273	-125
8274	-126
8275	-125
8276	-126
8277	-125
8278	-126
8279	-125
8280	-124
8281	-125
8282	-126
8283	-125
8284	-126
8285	-127
8286	-126
8287	-125
8288	-124
8289	-123
8290	-122
8291	-121
8292	-120
8293	-119
8294	-120
8295	-121
8296	-122
8297	-123
8298	-124
8299	-125
8300	-126
8301	-127
8302	-128
8303	-127
8304	-128
8305	-127
8306	-126
8307	-127
8308	-128
8309	-127
8310	-128
8311	-129
8312	-130
8313	-129
8314	-130
8315	-129
8316	-130
8317	-129
8318	-128
8319	-129
8320	-128
8321	-127
8322	-128
8323	-129
8324	-128
8325	-127
8326	-128
8327	-129
8328	-130
8329	-131
8330	-130
8331	-129
8332	-128
8333	-129
8334	-128
8335	-129
8336	-128
8337	-127
8338	-126
8339	-125
8340	-126
8341	-127
8342	-126
8343	-127
8344	-126
8345	-127
8346	-128
8347	-127
8348	-126
8349	-125
8350	-124
8351	-125
8352	-124
8353	-123
8354	-124
8355	-125
8356	-124
8357	-123
8358	-122
8359	-121
8360	-122
8361	-121
8362	-122
8363	-121
8364	-120
8365	-121
8366	-120
8367	-119
8368	-118
8369	-119
8370	-118
8371	-119
8372	-118
8373	-119
8374	-120
8375	-121
8376	-122
8377	-123
8378	-124
8379	-125
8380	-126
8381	-125
8382	-124
8383	-125
8384	-124
8385	-125
8386	-124
8387	-123
8388	-124
8389	-123
8390	-122
8391	-121
8392	-122
8393	-123
8394	-122
8395	-121
8396	-120
8397	-121
8398	-122
8399	-123
8400	-124
8401	-125
8402	-126
8403	-125
8404	-126
8405	-125
8406	-124
8407	-123
8408	-124
8409	-125
8410	-124
8411	-125
8412	-126
8413	-127
8414	-128
8415	-129
8416	-128
8417	-129
8418	-128
8419	-129
8420	-128
8421	-127
8422	-128
8423	-127
8424	-128
8425	-129
8426	-128
8427	-127
8428	-126
8429	-127
8430	-128
8431	-127
8432	-128
8433	-127
8434	-126
8435	-127
8436	-126
8437	-127
8438	-126
8439	-125
8440	-126
8441	-127
8442	-126
8443	-127
8444	-128
8445	-127
8446	-128
8447	-127
8448	-128
8449	-127
8450	-126
8451	-125
8452	-124
8453	-125
8454	-124
8455	-123
8456	-122
8457	-121
8458	-122
8459	-123
8460	-122
8461	-123
8462	-122
8463	-121
8464	-120
8465	-119
8466	-120
8467	-119
8468	-120
8469	-119
8470	-118
8471	-117
8472	-118
8473	-119
8474	-120
8475	-121
8476	-120
8477	-121
8478	-120
8479	-119
8480	-118
8481	-117
8482	-116
8483	-115
8484	-116
8485	-115
8486	-116
8487	-115
8488	-116
8489	-117
8490	-116
8491	-115
8492	-114
8493	-115
8494	-114
8495	-113
8496	-114
8497	-113
8498	-114
8499	-113
8500	-112
8501	-111
8502	-110
8503	-111
8504	-110
8505	-111
8506	-110
8507	-109
8508	-110
8509	-111
8510	-110
8511	-109
8512	-110
8513	-111
8514	-110
8515	-109
8516	-110
8517	-111
8518	-112
8519	-111
8520	-112
8521	-113
8522	-114
8523	-115
8524	-116
8525	-117
8526	-118
8527	-117
8528	-118
8529	-117
8530	-118
8531	-119
8532	-120
8533	-119
8534	-118
8535	-119
8536	-120
8537	-119
8538	-118
8539	-119
8540	-118
8541	-117
8542	-118
8543	-119
8544	-118
8545	-119
8546	-120
8547	-119
8548	-118
8549	-117
8550	-116
8551	-117
8552	-116
8553	-115
8554	-116
8555	-115
8556	-114
8557	-115
8558	-114
8559	-113
8560	-114
8561	-115
8562	-116
8563	-115
8564	-114
8565	-115
8566	-116
8567	-117
8568	-116
8569	-115
8570	-116
8571	-117
8572	-116
8573	-115
8574	-116
8575	-117
8576	-118
8577	-119
8578	-120
8579	-121
8580	-120
8581	-121
8582	-120
8583	-119
8584	-118
8585	-119
8586	-118
8587	-119
8588	-118
8589	-119
8590	-120
8591	-119
8592	-118
8593	-119
8594	-120
8595	-121
8596	-120
8597	-121
8598	-120
8599	-121
8600	-122
8601	-123
8602	-124
8603	-125
8604	-124
8605	-125
8606	-126
8607	-127
8608	-128
8609	-127
8610	-128
8611	-129
8612	-128
8613	-129
8614	-130
8615	-131
8616	-130
8617	-131
8618	-132
8619	-131
8620	-130
8621	-129
8622	-130
8623	-129
8624	-130
8625	-129
8626	-128
8627	-127
8628	-126
8629	-127
8630	-126
8631	-125
8632	-124
8633	-123
8634	-122
8635	-123
8636	-122
8637	-121
8638	-122
8639	-123
8640	-124
8641	-123
8642	-124
8643	-123
8644	-122
8645	-123
8646	-124
8647	-123
8648	-124
8649	-125
8650	-124
8651	-123
8652	-122
8653	-121
8654	-120
8655	-121
8656	-122
8657	-123
8658	-124
8659	-123
8660	-122
8661	-121
8662	-122
8663	-123
8664	-124
8665	-125
8666	-124
8667	-123
8668	-122
8669	-123
8670	-124
8671	-125
8672	-126
8673	-127
8674	-126
8675	-125
8676	-124
8677	-125
8678	-126
8679	-127
8680	-128
8681	-127
8682	-126
8683	-125
8684	-124
8685	-125
8686	-126
8687	-125
8688	-126
8689	-127
8690	-126
8691	-127
8692	-128
8693	-129
8694	-130
8695	-129
8696	-130
8697	-129
8698	-128
8699	-127
8700	-128
8701	-129
8702	-130
8703	-131
8704	-132
8705	-131
8706	-132
8707	-133
8708	-134
8709	-135
8710	-134
8711	-133
8712	-134
8713	-135
8714	-136
8715	-137
8716	-136
8717	-137
8718	-138
8719	-137
8720	-138
8721	-137
8722	-138
8723	-139
8724	-140
8725	-141
8726	-142
8727	-143
8728	-144
8729	-143
8730	-142
8731	-143
8732	-144
8733	-143
8734	-142
8735	-143
8736	-144
8737	-143
8738	-144
8739	-145
8740	-146
8741	-147
8742	-146
8743	-147
8744	-148
8745	-149
8746	-150
8747	-151
8748	-150
8749	-151
8750	-150
8751	-149
8752	-150
8753	-151
8754	-150
8755	-151
8756	-150
8757	-149
8758	-148
8759	-147
8760	-146
8761	-145
8762	-146
8763	-145
8764	-144
8765	-145
8766	-144
8767	-145
8768	-146
8769	-147
8770	-148
8771	-147
8772	-148
8773	-147
8774	-146
8775	-145
8776	-144
8777	-143
8778	-142
8779	-141
8780	-142
8781	-141
8782	-140
8783	-139
8784	-140
8785	-139
8786	-140
8787	-139
8788	-138
8789	-139
8790	-140
8791	-139
8792	-138
8793	-137
8794	-136
8795	-137
8796	-136
8797	-135
8798	-134
8799	-135
8800	-134
8801	-133
8802	-134
8803	-135
8804	-136
8805	-135
8806	-134
8807	-133
8808	-132
8809	-133
8810	-134
8811	-133
8812	-134
8813	-133
8814	-134
8815	-135
8816	-134
8817	-133
8818	-134
8819	-133
8820	-134
8821	-135
8822	-134
8823	-135
8824	-134
8825	-135
8826	-134
8827	-133
8828	-132
8829	-131
8830	-132
8831	-131
8832	-132
8833	-131
8834	-130
8835	-129
8836	-130
8837	-129
8838	-128
8839	-127
8840	-128
8841	-129
8842	-130
8843	-131
8844	-130
8845	-131
8846	-130
8847	-131
8848	-130
8849	-129
8850	-128
8851	-127
8852	-126
8853	-125
8854	-124
8855	-123
8856	-122
8857	-121
8858	-120
8859	-119
8860	-118
8861	-117
8862	-118
8863	-119
8864	-118
8865	-117
8866	-118
8867	-117
8868	-118
8869	-119
8870	-118
8871	-119
8872	-120
8873	-119
8874	-118
8875	-117
8876	-118
8877	-119
8878	-118
8879	-119
8880	-118
8881	-119
8882	-118
8883	-117
8884	-116
8885	-115
8886	-116
8887	-115
8888	-116
8889	-115
8890	-116
8891	-117
8892	-118
8893	-117
8894	-116
8895	-115
8896	-116
8897	-115
8898	-114
8899	-115
8900	-114
8901	-113
8902	-112
8903	-113
8904	-112
8905	-111
8906	-110
8907	-109
8908	-108
8909	-107
8910	-108
8911	-109
8912	-110
8913	-111
8914	-110
8915	-109
8916	-108
8917	-107
8918	-106
8919	-107
8920	-108
8921	-109
8922	-108
8923	-109
8924	-108
8925	-107
8926	-108
8927	-107
8928	-106
8929	-105
8930	-106
8931	-107
8932	-106
8933	-105
8934	-104
8935	-103
8936	-104
8937	-103
8938	-102
8939	-103
8940	-104
8941	-105
8942	-104
8943	-103
8944	-102
8945	-103
8946	-102
8947	-101
8948	-100
8949	-99
8950	-98
8951	-99
8952	-100
8953	-99
8954	-100
8955	-99
8956	-100
8957	-101
8958	-100
8959	-101
8960	-100
8961	-101
8962	-102
8963	-103
8964	-104
8965	-103
8966	-104
8967	-103
8968	-102
8969	-103
8970	-104
8971	-103
8972	-104
8973	-105
8974	-106
8975	-107
8976	-106
8977	-107
8978	-108
8979	-107
8980	-106
8981	-105
8982	-104
8983	-103
8984	-102
8985	-101
8986	-100
8987	-99
8988	-98
8989	-99
8990	-98
8991	-99
8992	-100
8993	-99
8994	-98
8995	-97
8996	-96
8997	-97
8998	-96
8999	-95
9000	-94
9001	-93
9002	-94
9003	-93
9004	-92
9005	-93
9006	-94
9007	-93
9008	-92
9009	-91
9010	-90
9011	-91
9012	-90
9013	-91
9014	-92
9015	-93
9016	-92
9017	-93
9018	-92
9019	-91
9020	-90
9021	-89
9022	-88
9023	-87
9024	-88
9025	-89
9026	-88
9027	-89
9028	-90
9029	-89
9030	-88
9031	-87
9032	-88
9033	-87
9034	-86
9035	-85
9036	-86
9037	-87
9038	-86
9039	-85
9040	-86
9041	-85
9042	-86
9043	-87
9044	-86
9045	-87
9046	-86
9047	-85
9048	-86
9049	-85
9050	-84
9051	-83
9052	-84
9053	-83
9054	-82
9055	-81
9056	-80
9057	-81
9058	-80
9059	-81
9060	-80
9061	-79
9062	-80
9063	-81
9064	-80
9065	-79
9066	-78
9067	-77
9068	-78
9069	-77
9070	-78
9071	-77
9072	-76
9073	-77
9074	-78
9075	-79
9076	-78
9077	-77
9078	-76
9079	-75
9080	-74
9081	-73
9082	-72
9083	-71
9084	-70
9085	-69
9086	-70
9087	-71
9088	-72
9089	-73
9090	-74
9091	-73
9092	-74
9093	-75
9094	-74
9095	-73
9096	-72
9097	-71
9098	-72
9099	-71
9100	-72
9101	-73
9102	-74
9103	-75
9104	-76
9105	-77
9106	-76
9107	-77
9108	-76
9109	-75
9110	-74
9111	-73
9112	-74
9113	-73
9114	-74
9115	-75
9116	-74
9117	-75
9118	-74
9119	-73
9120	-74
9121	-73
9122	-74
9123	-75
9124	-74
9125	-75
9126	-76
9127	-75
9128	-74
9129	-73
9130	-74
9131	-75
9132	-76
9133	-75
9134	-76
9135	-75
9136	-74
9137	-73
9138	-72
9139	-73
9140	-72
9141	-73
9142	-74
9143	-73
9144	-74
9145	-75
9146	-76
9147	-75
9148	-76
9149	-75
9150	-76
9151	-77
9152	-78
9153	-79
9154	-78
9155	-77
9156	-76
9157	-77
9158	-76
9159	-77
9160	-76
9161	-75
9162	-76
9163	-75
9164	-74
9165	-75
9166	-74
9167	-73
9168	-72
9169	-71
9170	-72
9171	-71
9172	-70
9173	-71
9174	-70
9175	-71
9176	-70
9177	-69
9178	-70
9179	-69
9180	-68
9181	-69
9182	-70
9183	-69
9184	-68
9185	-69
9186	-68
9187	-69
9188	-68
9189	-67
9190	-68
9191	-67
9192	-66
9193	-67
9194	-66
9195	-67
9196	-66
9197	-67
9198	-66
9199	-67
9200	-66
9201	-67
9202	-68
9203	-69
9204	-68
9205	-69
9206	-68
9207	-69
9208	-68
9209	-67
9210	-68
9211	-67
9212	-66
9213	-67
9214	-66
9215	-65
9216	-64
9217	-65
9218	-66
9219	-67
9220	-68
9221	-67
9222	-68
9223	-69
9224	-70
9225	-69
9226	-68
9227	-69
9228	-68
9229	-67
9230	-66
9231	-65
9232	-64
9233	-63
9234	-62
9235	-61
9236	-62
9237	-63
9238	-64
9239	-65
9240	-64
9241	-63
9242	-64
9243	-63
9244	-62
9245	-61
9246	-62
9247	-63
9248	-64
9249	-65
9250	-64
9251	-63
9252	-62
9253	-61
9254	-60
9255	-59
9256	-60
9257	-61
9258	-62
9259	-63
9260	-64
9261	-65
9262	-64
9263	-63
9264	-64
9265	-65
9266	-66
9267	-67
9268	-68
9269	-67
9270	-66
9271	-67
9272	-68
9273	-67
9274	-66
9275	-65
9276	-64
9277	-65
9278	-66
9279	-65
9280	-64
9281	-65
9282	-64
9283	-65
9284	-66
9285	-67
9286	-66
9287	-67
9288	-68
9289	-69
9290	-70
9291	-71
9292	-70
9293	-71
9294	-72
9295	-73
9296	-74
9297	-75
9298	-74
9299	-73
9300	-72
9301	-73
9302	-74
9303	-75
9304	-76
9305	-77
9306	-78
9307	-77
9308	-78
9309	-79
9310	-78
9311	-79
9312	-78
9313	-77
9314	-76
9315	-75
9316	-74
9317	-75
9318	-76
9319	-77
9320	-76
9321	-77
9322	-78
9323	-79
9324	-80
9325	-81
9326	-82
9327	-81
9328	-80
9329	-79
9330	-80
9331	-79
9332	-78
9333	-79
9334	-80
9335	-79
9336	-78
9337	-77
9338	-78
9339	-77
9340	-76
9341	-75
9342	-74
9343	-73
9344	-72
9345	-73
9346	-74
9347	-75
9348	-74
9349	-73
9350	-72
9351	-73
9352	-72
9353	-73
9354	-72
9355	-71
9356	-70
9357	-71
9358	-70
9359	-69
9360	-70
9361	-71
9362	-72
9363	-71
9364	-70
9365	-71
9366	-70
9367	-69
9368	-70
9369	-71
9370	-70
9371	-69
9372	-70
9373	-71
9374	-70
9375	-71
9376	-72
9377	-73
9378	-74
9379	-73
9380	-74
9381	-73
9382	-72
9383	-73
9384	-72
9385	-73
9386	-72
9387	-71
9388	-72
9389	-73
9390	-72
9391	-73
9392	-74
9393	-73
9394	-74
9395	-75
9396	-76
9397	-75
9398	-74
9399	-75
9400	-74
9401	-75
9402	-76
9403	-75
9404	-74
9405	-73
9406	-72
9407	-73
9408	-72
9409	-73
9410	-72
9411	-71
9412	-72
9413	-71
9414	-70
9415	-69
9416	-70
9417	-71
9418	-70
9419	-71
9420	-72
9421	-73
9422	-74
9423	-73
9424	-74
9425	-75
9426	-74
9427	-73
9428	-72
9429	-71
9430	-70
9431	-69
9432	-68
9433	-69
9434	-68
9435	-69
9436	-70
9437	-69
9438	-68
9439	-67
9440	-68
9441	-69
9442	-70
9443	-71
9444	-72
9445	-73
9446	-72
9447	-71
9448	-72
9449	-73
9450	-72
9451	-71
9452	-70
9453	-69
9454	-70
9455	-71
9456	-70
9457	-69
9458	-70
9459	-69
9460	-70
9461	-71
9462	-70
9463	-71
9464	-70
9465	-71
9466	-70
9467	-69
9468	-70
9469	-71
9470	-70
9471	-71
9472	-72
9473	-71
9474	-70
9475	-71
9476	-70
9477	-69
9478	-68
9479	-69
9480	-68
9481	-69
9482	-68
9483	-67
9484	-66
9485	-67
9486	-68
9487	-67
9488	-68
9489	-69
9490	-68
9491	-69
9492	-70
9493	-69
9494	-70
9495	-71
9496	-72
9497	-73
9498	-72
9499	-73
9500	-72
9501	-71
9502	-70
9503	-71
9504	-70
9505	-69
9506	-68
9507	-67
9508	-66
9509	-65
9510	-64
9511	-63
9512	-62
9513	-63
9514	-64
9515	-65
9516	-66
9517	-65
9518	-64
9519	-65
9520	-64
9521	-63
9522	-64
9523	-63
9524	-64
9525	-63
9526	-62
9527	-63
9528	-64
9529	-63
9530	-62
9531	-63
9532	-62
9533	-61
9534	-60
9535	-61
9536	-60
9537	-61
9538	-62
9539	-63
9540	-64
9541	-65
9542	-66
9543	-65
9544	-66
9545	-65
9546	-64
9547	-63
9548	-62
9549	-61
9550	-60
9551	-59
9552	-60
9553	-61
9554	-60
9555	-61
9556	-60
9557	-61
9558	-62
9559	-61
9560	-60
9561	-61
9562	-60
9563	-59
9564	-58
9565	-57
9566	-56
9567	-57
9568	-58
9569	-57
9570	-56
9571	-55
9572	-56
9573	-55
9574	-54
9575	-53
9576	-52
9577	-53
9578	-54
9579	-53
9580	-54
9581	-55
9582	-56
9583	-55
9584	-54
9585	-55
9586	-54
9587	-53
9588	-54
9589	-53
9590	-54
9591	-55
9592	-56
9593	-57
9594	-58
9595	-59
9596	-60
9597	-59
9598	-60
9599	-61
9600	-60
9601	-59
9602	-60
9603	-59
9604	-58
9605	-57
9606	-56
9607	-55
9608	-54
9609	-53
9610	-54
9611	-53
9612	-54
9613	-55
9614	-56
9615	-57
9616	-58
9617	-59
9618	-58
9619	-59
9620	-60
9621	-61
9622	-62
9623	-63
9624	-62
9625	-63
9626	-62
9627	-61
9628	-62
9629	-61
9630	-62
9631	-61
9632	-62
9633	-63
9634	-64
9635	-63
9636	-62
9637	-63
9638	-64
9639	-63
9640	-62
9641	-63
9642	-62
9643	-63
9644	-64
9645	-63
9646	-62
9647	-61
9648	-62
9649	-61
9650	-60
9651	-59
9652	-58
9653	-59
9654	-58
9655	-59
9656	-60
9657	-61
9658	-60
9659	-61
9660	-60
9661	-61
9662	-62
9663	-63
9664	-64
9665	-63
9666	-64
9667	-65
9668	-64
9669	-65
9670	-66
9671	-65
9672	-64
9673	-65
9674	-64
9675	-63
9676	-64
9677	-63
9678	-64
9679	-63
9680	-64
9681	-63
9682	-64
9683	-63
9684	-64
9685	-65
9686	-66
9687	-67
9688	-68
9689	-67
9690	-66
9691	-67
9692	-68
9693	-69
9694	-68
9695	-69
9696	-68
9697	-67
9698	-68
9699	-69
9700	-70
9701	-71
9702	-72
9703	-73
9704	-74
9705	-73
9706	-72
9707	-71
9708	-70
9709	-71
9710	-70
9711	-69
9712	-70
9713	-69
9714	-70
9715	-69
9716	-70
9717	-71
9718	-72
9719	-71
9720	-70
9721	-69
9722	-68
9723	-69
9724	-70
9725	-69
9726	-68
9727	-69
9728	-70
9729	-71
9730	-72
9731	-71
9732	-72
9733	-71
9734	-72
9735	-71
9736	-70
9737	-71
9738	-72
9739	-71
9740	-72
9741	-73
9742	-74
9743	-75
9744	-76
9745	-77
9746	-78
9747	-79
9748	-78
9749	-77
9750	-78
9751	-77
9752	-76
9753	-75
9754	-74
9755	-73
9756	-72
9757	-73
9758	-74
9759	-75
9760	-74
9761	-73
9762	-74
9763	-73
9764	-74
9765	-75
9766	-74
9767	-73
9768	-74
9769	-73
9770	-72
9771	-71
9772	-72
9773	-73
9774	-74
9775	-75
9776	-76
9777	-77
9778	-78
9779	-77
9780	-78
9781	-77
9782	-76
9783	-77
9784	-78
9785	-77
9786	-76
9787	-75
9788	-76
9789	-75
9790	-76
9791	-77
9792	-78
9793	-77
9794	-76
9795	-77
9796	-78
9797	-79
9798	-80
9799	-79
9800	-80
9801	-79
9802	-80
9803	-79
9804	-78
9805	-77
9806	-76
9807	-77
9808	-76
9809	-75
9810	-74
9811	-73
9812	-74
9813	-73
9814	-74
9815	-73
9816	-74
9817	-73
9818	-74
9819	-75
9820	-74
9821	-75
9822	-74
9823	-73
9824	-72
9825	-73
9826	-74
9827	-75
9828	-76
9829	-75
9830	-74
9831	-75
9832	-74
9833	-73
9834	-74
9835	-75
9836	-76
9837	-75
9838	-76
9839	-75
9840	-76
9841	-75
9842	-76
9843	-75
9844	-76
9845	-75
9846	-76
9847	-75
9848	-74
9849	-75
9850	-76
9851	-77
9852	-78
9853	-77
9854	-78
9855	-79
9856	-78
9857	-79
9858	-78
9859	-79
9860	-78
9861	-79
9862	-80
9863	-81
9864	-82
9865	-83
9866	-82
9867	-83
9868	-84
9869	-83
9870	-84
9871	-83
9872	-82
9873	-83
9874	-82
9875	-81
9876	-82
9877	-83
9878	-82
9879	-83
9880	-84
9881	-83
9882	-84
9883	-85
9884	-86
9885	-87
9886	-88
9887	-87
9888	-86
9889	-87
9890	-88
9891	-87
9892	-86
9893	-85
9894	-86
9895	-87
9896	-86
9897	-85
9898	-86
9899	-85
9900	-84
9901	-85
9902	-84
9903	-83
9904	-82
9905	-81
9906	-80
9907	-81
9908	-80
9909	-81
9910	-82
9911	-83
9912	-84
9913	-83
9914	-84
9915	-83
9916	-82
9917	-81
9918	-82
9919	-81
9920	-82
9921	-83
9922	-82
9923	-81
9924	-82
9925	-83
9926	-82
9927	-81
9928	-80
9929	-79
9930	-80
9931	-79
9932	-80
9933	-79
9934	-80
9935	-79
9936	-80
9937	-79
9938	-78
9939	-77
9940	-78
9941	-79
9942	-78
9943	-77
9944	-76
9945	-77
9946	-76
9947	-75
9948	-76
9949	-77
9950	-76
9951	-77
9952	-76
9953	-77
9954	-78
9955	-79
9956	-78
9957	-77
9958	-78
9959	-79
9960	-78
9961	-77
9962	-78
9963	-79
9964	-78
9965	-79
9966	-80
9967	-81
9968	-82
9969	-81
9970	-82
9971	-81
9972	-82
9973	-81
9974	-80
9975	-81
9976	-82
9977	-83
9978	-84
9979	-85
9980	-84
9981	-85
9982	-86
9983	-87
9984	-88
9985	-89
9986	-90
9987	-89
9988	-90
9989	-91
9990	-90
9991	-89
9992	-88
9993	-87
9994	-88
9995	-89
9996	-90
9997	-89
9998	-90
9999	-91
10000	-92
