1	-1
2	-1
3	-1
4	-1
5	-1
6	-1
7	-1
8	-1
9	-1
10	-1
11	-1
12	-1
13	-1
14	-1
15	-1
16	-1
17	-1
18	-1
19	-1
20	-1
21	-1
22	-2
23	-3
24	-4
25	-5
26	-6
27	-6
28	-6
29	-6
30	-6
31	-6
32	-6
33	-6
34	-6
35	-6
36	-6
37	-6
38	-6
39	-6
40	-6
41	-6
42	-6
43	-6
44	-6
45	-6
46	-6
47	-6
48	-6
49	-7
50	-7
51	-7
52	-8
53	-9
54	-10
55	-11
56	-11
57	-11
58	-11
59	-11
60	-11
61	-11
62	-11
63	-11
64	-11
65	-11
66	-11
67	-11
68	-11
69	-11
70	-11
71	-11
72	-11
73	-11
74	-11
75	-11
76	-11
77	-11
78	-11
79	-11
80	-11
81	-11
82	-11
83	-11
84	-11
85	-11
86	-11
87	-11
88	-11
89	-11
90	-11
91	-11
92	-11
93	-11
94	-11
95	-11
96	-11
97	-11
98	-11
99	-11
100	-11
101	-11
102	-11
103	-11
104	-11
105	-11
106	-11
107	-11
108	-11
109	-11
110	-11
111	-11
112	-11
113	-11
114	-11
115	-11
116	-11
117	-11
118	-12
119	-13
120	-14
121	-14
122	-14
123	-14
124	-14
125	-14
126	-14
127	-14
128	-14
129	-14
130	-14
131	-14
132	-14
133	-14
134	-14
135	-14
136	-14
137	-14
138	-14
139	-14
140	-14
141	-14
142	-14
143	-14
144	-14
145	-14
146	-14
147	-14
148	-14
149	-14
150	-14
151	-14
152	-14
153	-14
154	-14
155	-14
156	-14
157	-15
158	-16
159	-17
160	-18
161	-18
162	-18
163	-18
164	-18
165	-19
166	-20
167	-20
168	-20
169	-21
170	-21
171	-21
172	-21
173	-21
174	-21
175	-21
176	-21
177	-21
178	-21
179	-21
180	-21
181	-21
182	-21
183	-21
184	-21
185	-21
186	-21
187	-21
188	-21
189	-21
190	-21
191	-21
192	-21
193	-21
194	-21
195	-21
196	-21
197	-21
198	-21
199	-21
200	-21
201	-21
202	-21
203	-21
204	-21
205	-21
206	-21
207	-21
208	-21
209	-21
210	-21
211	-21
212	-21
213	-21
214	-21
215	-21
216	-21
217	-21
218	-21
219	-21
220	-21
221	-21
222	-21
223	-21
224	-21
225	-21
226	-21
227	-21
228	-21
229	-21
230	-21
231	-21
232	-21
233	-21
234	-21
235	-21
236	-21
237	-21
238	-21
239	-21
240	-21
241	-21
242	-21
243	-21
244	-21
245	-21
246	-21
247	-21
248	-21
249	-21
250	-21
251	-21
252	-21
253	-21
254	-21
255	-21
256	-21
257	-21
258	-21
259	-21
260	-21
261	-21
262	-21
263	-21
264	-21
265	-21
266	-21
267	-21
268	-21
269	-21
270	-21
271	-21
272	-21
273	-21
274	-21
275	-21
276	-21
277	-21
278	-21
279	-21
280	-21
281	-21
282	-21
283	-21
284	-21
285	-21
286	-21
287	-21
288	-21
289	-21
290	-21
291	-21
292	-21
293	-21
294	-21
295	-21
296	-21
297	-21
298	-21
299	-21
300	-21
301	-21
302	-21
303	-21
304	-21
305	-21
306	-21
307	-21
308	-21
309	-21
310	-21
311	-21
312	-22
313	-22
314	-22
315	-22
316	-22
317	-23
318	-24
319	-25
320	-25
321	-25
322	-25
323	-25
324	-25
325	-25
326	-25
327	-25
328	-25
329	-25
330	-25
331	-25
332	-25
333	-25
334	-25
335	-25
336	-25
337	-25
338	-25
339	-25
340	-25
341	-25
342	-25
343	-25
344	-25
345	-25
346	-25
347	-25
348	-25
349	-25
350	-25
351	-25
352	-25
353	-25
354	-25
355	-25
356	-25
357	-25
358	-25
359	-25
360	-25
361	-25
362	-25
363	-25
364	-25
365	-25
366	-25
367	-25
368	-25
369	-25
370	-25
371	-25
372	-25
373	-25
374	-25
375	-25
376	-25
377	-25
378	-25
379	-25
380	-25
381	-25
382	-25
383	-25
384	-26
385	-27
386	-28
387	-29
388	-30
389	-31
390	-31
391	-31
392	-32
393	-33
394	-33
395	-33
396	-33
397	-33
398	-34
399	-34
400	-34
401	-35
402	-36
403	-37
404	-38
405	-39
406	-39
407	-39
408	-39
409	-39
410	-40
411	-40
412	-40
413	-40
414	-40
415	-41
416	-42
417	-42
418	-42
419	-43
420	-44
421	-45
422	-45
423	-45
424	-45
425	-45
426	-45
427	-45
428	-45
429	-45
430	-46
431	-46
432	-46
433	-47
434	-48
435	-48
436	-48
437	-48
438	-48
439	-48
440	-48
441	-48
442	-48
443	-48
444	-48
445	-48
446	-48
447	-48
448	-48
449	-48
450	-48
451	-48
452	-48
453	-48
454	-48
455	-48
456	-48
457	-48
458	-48
459	-48
460	-48
461	-48
462	-48
463	-48
464	-48
465	-48
466	-48
467	-48
468	-48
469	-48
470	-48
471	-48
472	-48
473	-48
474	-48
475	-48
476	-48
477	-48
478	-48
479	-48
480	-48
481	-48
482	-48
483	-48
484	-48
485	-48
486	-48
487	-48
488	-48
489	-48
490	-48
491	-49
492	-50
493	-50
494	-50
495	-50
496	-50
497	-50
498	-50
499	-50
500	-50
501	-50
502	-50
503	-50
504	-50
505	-50
506	-50
507	-50
508	-50
509	-50
510	-50
511	-50
512	-50
513	-50
514	-50
515	-50
516	-50
517	-50
518	-50
519	-50
520	-50
521	-50
522	-50
523	-50
524	-50
525	-50
526	-50
527	-50
528	-50
529	-50
530	-50
531	-50
532	-50
533	-50
534	-50
535	-50
536	-50
537	-50
538	-50
539	-50
540	-50
541	-50
542	-50
543	-50
544	-50
545	-50
546	-50
547	-50
548	-50
549	-50
550	-50
551	-50
552	-50
553	-50
554	-50
555	-50
556	-50
557	-50
558	-50
559	-50
560	-50
561	-50
562	-50
563	-50
564	-50
565	-50
566	-50
567	-50
568	-50
569	-50
570	-50
571	-50
572	-50
573	-50
574	-50
575	-50
576	-50
577	-50
578	-50
579	-50
580	-50
581	-50
582	-50
583	-50
584	-50
585	-50
586	-50
587	-50
588	-50
589	-50
590	-50
591	-50
592	-50
593	-50
594	-50
595	-50
596	-50
597	-50
598	-50
599	-50
600	-50
601	-50
602	-50
603	-50
604	-50
605	-50
606	-50
607	-50
608	-50
609	-50
610	-50
611	-50
612	-50
613	-50
614	-50
615	-50
616	-50
617	-50
618	-50
619	-50
620	-50
621	-50
622	-50
623	-50
624	-50
625	-50
626	-50
627	-50
628	-50
629	-50
630	-50
631	-50
632	-50
633	-50
634	-50
635	-50
636	-50
637	-50
638	-50
639	-50
640	-50
641	-50
642	-50
643	-50
644	-50
645	-50
646	-50
647	-50
648	-50
649	-50
650	-50
651	-50
652	-50
653	-50
654	-50
655	-50
656	-50
657	-50
658	-50
659	-50
660	-50
661	-50
662	-50
663	-50
664	-50
665	-50
666	-50
667	-50
668	-50
669	-50
670	-50
671	-50
672	-50
673	-50
674	-50
675	-50
676	-50
677	-50
678	-50
679	-50
680	-50
681	-50
682	-50
683	-50
684	-50
685	-50
686	-50
687	-50
688	-50
689	-50
690	-50
691	-50
692	-50
693	-50
694	-50
695	-50
696	-50
697	-50
698	-50
699	-50
700	-50
701	-50
702	-50
703	-50
704	-50
705	-50
706	-50
707	-50
708	-50
709	-50
710	-50
711	-50
712	-50
713	-50
714	-50
715	-50
716	-50
717	-50
718	-50
719	-50
720	-50
721	-50
722	-50
723	-50
724	-50
725	-50
726	-50
727	-50
728	-50
729	-50
730	-50
731	-50
732	-50
733	-50
734	-50
735	-50
736	-50
737	-50
738	-50
739	-50
740	-50
741	-50
742	-50
743	-50
744	-50
745	-50
746	-50
747	-50
748	-50
749	-50
750	-50
751	-50
752	-50
753	-50
754	-50
755	-50
756	-50
757	-50
758	-50
759	-50
760	-50
761	-50
762	-50
763	-50
764	-50
765	-50
766	-50
767	-50
768	-50
769	-50
770	-50
771	-50
772	-50
773	-50
774	-50
775	-50
776	-50
777	-50
778	-50
779	-50
780	-50
781	-50
782	-50
783	-50
784	-50
785	-50
786	-50
787	-50
788	-50
789	-50
790	-50
791	-50
792	-50
793	-50
794	-50
795	-50
796	-50
797	-50
798	-50
799	-50
800	-50
801	-50
802	-50
803	-50
804	-50
805	-50
806	-50
807	-50
808	-50
809	-50
810	-50
811	-50
812	-50
813	-50
814	-50
815	-50
816	-50
817	-50
818	-50
819	-50
820	-50
821	-50
822	-50
823	-50
824	-50
825	-50
826	-50
827	-50
828	-50
829	-50
830	-50
831	-50
832	-50
833	-50
834	-50
835	-50
836	-50
837	-50
838	-50
839	-50
840	-50
841	-50
842	-50
843	-50
844	-50
845	-50
846	-50
847	-50
848	-50
849	-50
850	-50
851	-51
852	-51
853	-51
854	-52
855	-52
856	-52
857	-52
858	-52
859	-52
860	-52
861	-52
862	-52
863	-53
864	-53
865	-53
866	-53
867	-53
868	-53
869	-53
870	-53
871	-53
872	-53
873	-53
874	-53
875	-53
876	-53
877	-53
878	-53
879	-53
880	-53
881	-53
882	-53
883	-53
884	-53
885	-53
886	-53
887	-53
888	-53
889	-53
890	-53
891	-53
892	-53
893	-53
894	-53
895	-53
896	-53
897	-53
898	-53
899	-53
900	-53
901	-53
902	-53
903	-53
904	-53
905	-53
906	-53
907	-53
908	-53
909	-53
910	-53
911	-53
912	-53
913	-53
914	-53
915	-53
916	-53
917	-53
918	-54
919	-54
920	-54
921	-54
922	-54
923	-54
924	-54
925	-54
926	-54
927	-54
928	-54
929	-54
930	-54
931	-54
932	-54
933	-54
934	-54
935	-54
936	-54
937	-54
938	-54
939	-54
940	-54
941	-54
942	-54
943	-54
944	-54
945	-54
946	-54
947	-54
948	-54
949	-54
950	-54
951	-54
952	-54
953	-54
954	-54
955	-54
956	-54
957	-54
958	-54
959	-54
960	-54
961	-54
962	-54
963	-54
964	-54
965	-54
966	-54
967	-54
968	-54
969	-54
970	-54
971	-54
972	-54
973	-54
974	-54
975	-54
976	-54
977	-54
978	-54
979	-54
980	-54
981	-54
982	-54
983	-54
984	-54
985	-54
986	-54
987	-54
988	-54
989	-54
990	-54
991	-54
992	-54
993	-54
994	-54
995	-54
996	-54
997	-54
998	-54
999	-54
1000	-54
1001	-54
1002	-54
1003	-54
1004	-54
1005	-54
1006	-54
1007	-54
1008	-54
1009	-54
1010	-54
1011	-55
1012	-56
1013	-56
1014	-56
1015	-56
1016	-56
1017	-56
1018	-56
1019	-57
1020	-57
1021	-57
1022	-57
1023	-57
1024	-58
1025	-58
1026	-58
1027	-58
1028	-58
1029	-58
1030	-58
1031	-58
1032	-58
1033	-58
1034	-58
1035	-59
1036	-59
1037	-59
1038	-59
1039	-59
1040	-59
1041	-59
1042	-59
1043	-59
1044	-59
1045	-59
1046	-59
1047	-59
1048	-59
1049	-59
1050	-59
1051	-59
1052	-59
1053	-59
1054	-59
1055	-59
1056	-59
1057	-59
1058	-59
1059	-59
1060	-59
1061	-59
1062	-59
1063	-59
1064	-59
1065	-59
1066	-59
1067	-59
1068	-59
1069	-59
1070	-59
1071	-59
1072	-59
1073	-59
1074	-59
1075	-59
1076	-59
1077	-59
1078	-59
1079	-59
1080	-59
1081	-59
1082	-59
1083	-59
1084	-59
1085	-59
1086	-59
1087	-59
1088	-59
1089	-59
1090	-59
1091	-59
1092	-59
1093	-59
1094	-59
1095	-59
1096	-59
1097	-59
1098	-59
1099	-59
1100	-59
1101	-59
1102	-59
1103	-59
1104	-59
1105	-59
1106	-59
1107	-59
1108	-59
1109	-59
1110	-59
1111	-59
1112	-59
1113	-59
1114	-59
1115	-59
1116	-59
1117	-59
1118	-59
1119	-59
1120	-59
1121	-59
1122	-59
1123	-59
1124	-59
1125	-59
1126	-59
1127	-59
1128	-59
1129	-59
1130	-59
1131	-59
1132	-59
1133	-59
1134	-59
1135	-59
1136	-59
1137	-59
1138	-59
1139	-59
1140	-59
1141	-59
1142	-59
1143	-59
1144	-59
1145	-59
1146	-59
1147	-59
1148	-59
1149	-59
1150	-59
1151	-59
1152	-59
1153	-59
1154	-59
1155	-59
1156	-59
1157	-59
1158	-59
1159	-59
1160	-59
1161	-59
1162	-59
1163	-59
1164	-59
1165	-59
1166	-59
1167	-59
1168	-59
1169	-59
1170	-59
1171	-59
1172	-59
1173	-59
1174	-59
1175	-59
1176	-59
1177	-59
1178	-59
1179	-59
1180	-59
1181	-59
1182	-59
1183	-59
1184	-59
1185	-59
1186	-59
1187	-59
1188	-59
1189	-59
1190	-59
1191	-59
1192	-59
1193	-59
1194	-59
1195	-59
1196	-59
1197	-59
1198	-59
1199	-59
1200	-59
1201	-59
1202	-59
1203	-59
1204	-59
1205	-59
1206	-59
1207	-59
1208	-59
1209	-59
1210	-59
1211	-59
1212	-59
1213	-59
1214	-59
1215	-59
1216	-59
1217	-59
1218	-59
1219	-59
1220	-59
1221	-59
1222	-59
1223	-59
1224	-59
1225	-59
1226	-59
1227	-59
1228	-59
1229	-59
1230	-59
1231	-59
1232	-59
1233	-59
1234	-59
1235	-59
1236	-59
1237	-59
1238	-59
1239	-59
1240	-59
1241	-59
1242	-59
1243	-59
1244	-59
1245	-59
1246	-59
1247	-59
1248	-59
1249	-59
1250	-59
1251	-59
1252	-59
1253	-59
1254	-59
1255	-59
1256	-59
1257	-59
1258	-59
1259	-59
1260	-59
1261	-59
1262	-59
1263	-59
1264	-59
1265	-59
1266	-59
1267	-59
1268	-59
1269	-59
1270	-59
1271	-59
1272	-59
1273	-59
1274	-59
1275	-59
1276	-59
1277	-59
1278	-59
1279	-59
1280	-59
1281	-59
1282	-59
1283	-59
1284	-59
1285	-59
1286	-60
1287	-60
1288	-60
1289	-60
1290	-60
1291	-60
1292	-60
1293	-60
1294	-60
1295	-60
1296	-60
1297	-60
1298	-60
1299	-60
1300	-60
1301	-60
1302	-60
1303	-60
1304	-60
1305	-61
1306	-62
1307	-63
1308	-63
1309	-63
1310	-63
1311	-63
1312	-64
1313	-64
1314	-64
1315	-65
1316	-65
1317	-65
1318	-65
1319	-65
1320	-65
1321	-65
1322	-65
1323	-65
1324	-65
1325	-65
1326	-65
1327	-65
1328	-65
1329	-65
1330	-65
1331	-65
1332	-65
1333	-65
1334	-65
1335	-65
1336	-65
1337	-65
1338	-65
1339	-65
1340	-65
1341	-65
1342	-65
1343	-65
1344	-65
1345	-65
1346	-65
1347	-65
1348	-65
1349	-65
1350	-65
1351	-65
1352	-65
1353	-65
1354	-65
1355	-65
1356	-65
1357	-65
1358	-65
1359	-65
1360	-65
1361	-65
1362	-65
1363	-65
1364	-65
1365	-65
1366	-65
1367	-65
1368	-65
1369	-65
1370	-65
1371	-65
1372	-65
1373	-65
1374	-65
1375	-65
1376	-65
1377	-65
1378	-65
1379	-65
1380	-65
1381	-65
1382	-65
1383	-65
1384	-65
1385	-65
1386	-65
1387	-65
1388	-65
1389	-65
1390	-65
1391	-65
1392	-65
1393	-65
1394	-65
1395	-65
1396	-65
1397	-65
1398	-65
1399	-65
1400	-65
1401	-65
1402	-65
1403	-65
1404	-65
1405	-65
1406	-65
1407	-65
1408	-65
1409	-65
1410	-65
1411	-65
1412	-65
1413	-65
1414	-65
1415	-65
1416	-65
1417	-65
1418	-65
1419	-65
1420	-65
1421	-65
1422	-65
1423	-65
1424	-65
1425	-65
1426	-65
1427	-65
1428	-65
1429	-65
1430	-65
1431	-65
1432	-65
1433	-65
1434	-65
1435	-65
1436	-65
1437	-65
1438	-65
1439	-65
1440	-65
1441	-65
1442	-65
1443	-65
1444	-65
1445	-65
1446	-65
1447	-65
1448	-65
1449	-65
1450	-65
1451	-65
1452	-65
1453	-65
1454	-65
1455	-65
1456	-65
1457	-65
1458	-65
1459	-65
1460	-65
1461	-65
1462	-65
1463	-65
1464	-65
1465	-65
1466	-65
1467	-65
1468	-65
1469	-65
1470	-65
1471	-65
1472	-65
1473	-65
1474	-65
1475	-65
1476	-65
1477	-65
1478	-65
1479	-65
1480	-65
1481	-65
1482	-65
1483	-65
1484	-65
1485	-65
1486	-65
1487	-65
1488	-65
1489	-65
1490	-65
1491	-65
1492	-65
1493	-65
1494	-65
1495	-65
1496	-65
1497	-65
1498	-66
1499	-66
1500	-66
1501	-67
1502	-68
1503	-69
1504	-69
1505	-69
1506	-70
1507	-71
1508	-71
1509	-71
1510	-71
1511	-71
1512	-71
1513	-71
1514	-71
1515	-71
1516	-71
1517	-71
1518	-71
1519	-71
1520	-71
1521	-71
1522	-71
1523	-71
1524	-71
1525	-71
1526	-71
1527	-71
1528	-72
1529	-72
1530	-72
1531	-72
1532	-72
1533	-72
1534	-72
1535	-72
1536	-72
1537	-72
1538	-72
1539	-72
1540	-72
1541	-72
1542	-72
1543	-72
1544	-72
1545	-72
1546	-72
1547	-72
1548	-72
1549	-73
1550	-74
1551	-75
1552	-76
1553	-77
1554	-77
1555	-77
1556	-78
1557	-78
1558	-78
1559	-78
1560	-78
1561	-78
1562	-78
1563	-78
1564	-78
1565	-78
1566	-78
1567	-78
1568	-78
1569	-78
1570	-78
1571	-78
1572	-78
1573	-78
1574	-78
1575	-78
1576	-78
1577	-79
1578	-79
1579	-79
1580	-79
1581	-79
1582	-79
1583	-79
1584	-79
1585	-79
1586	-79
1587	-79
1588	-79
1589	-79
1590	-79
1591	-79
1592	-79
1593	-79
1594	-79
1595	-79
1596	-79
1597	-79
1598	-79
1599	-79
1600	-79
1601	-79
1602	-79
1603	-79
1604	-79
1605	-79
1606	-79
1607	-79
1608	-79
1609	-79
1610	-79
1611	-79
1612	-79
1613	-79
1614	-79
1615	-79
1616	-79
1617	-79
1618	-79
1619	-79
1620	-79
1621	-79
1622	-79
1623	-79
1624	-79
1625	-79
1626	-79
1627	-79
1628	-79
1629	-79
1630	-79
1631	-79
1632	-79
1633	-79
1634	-79
1635	-79
1636	-79
1637	-79
1638	-79
1639	-79
1640	-79
1641	-79
1642	-79
1643	-79
1644	-79
1645	-79
1646	-79
1647	-79
1648	-79
1649	-79
1650	-79
1651	-79
1652	-79
1653	-79
1654	-79
1655	-79
1656	-79
1657	-79
1658	-79
1659	-79
1660	-79
1661	-79
1662	-79
1663	-79
1664	-79
1665	-79
1666	-79
1667	-79
1668	-79
1669	-79
1670	-79
1671	-79
1672	-79
1673	-79
1674	-79
1675	-79
1676	-79
1677	-79
1678	-79
1679	-79
1680	-79
1681	-79
1682	-79
1683	-79
1684	-79
1685	-79
1686	-79
1687	-79
1688	-79
1689	-79
1690	-79
1691	-79
1692	-79
1693	-79
1694	-79
1695	-79
1696	-79
1697	-79
1698	-79
1699	-79
1700	-79
1701	-79
1702	-79
1703	-79
1704	-79
1705	-79
1706	-79
1707	-79
1708	-79
1709	-79
1710	-79
1711	-79
1712	-79
1713	-79
1714	-79
1715	-79
1716	-79
1717	-79
1718	-79
1719	-79
1720	-79
1721	-79
1722	-79
1723	-79
1724	-79
1725	-79
1726	-79
1727	-79
1728	-79
1729	-79
1730	-79
1731	-79
1732	-79
1733	-79
1734	-79
1735	-79
1736	-79
1737	-79
1738	-79
1739	-79
1740	-79
1741	-79
1742	-79
1743	-79
1744	-79
1745	-79
1746	-79
1747	-79
1748	-79
1749	-79
1750	-79
1751	-79
1752	-79
1753	-79
1754	-79
1755	-79
1756	-79
1757	-79
1758	-79
1759	-79
1760	-79
1761	-79
1762	-79
1763	-79
1764	-79
1765	-79
1766	-79
1767	-79
1768	-79
1769	-79
1770	-79
1771	-79
1772	-79
1773	-79
1774	-79
1775	-79
1776	-79
1777	-79
1778	-79
1779	-79
1780	-79
1781	-79
1782	-79
1783	-79
1784	-79
1785	-79
1786	-79
1787	-79
1788	-79
1789	-79
1790	-79
1791	-79
1792	-79
1793	-79
1794	-79
1795	-79
1796	-79
1797	-79
1798	-79
1799	-79
1800	-79
1801	-79
1802	-79
1803	-79
1804	-79
1805	-79
1806	-79
1807	-79
1808	-79
1809	-79
1810	-79
1811	-79
1812	-79
1813	-79
1814	-79
1815	-79
1816	-79
1817	-79
1818	-79
1819	-79
1820	-79
1821	-79
1822	-79
1823	-79
1824	-79
1825	-79
1826	-79
1827	-79
1828	-79
1829	-79
1830	-79
1831	-79
1832	-79
1833	-79
1834	-79
1835	-79
1836	-79
1837	-79
1838	-79
1839	-79
1840	-79
1841	-79
1842	-79
1843	-79
1844	-79
1845	-79
1846	-79
1847	-79
1848	-79
1849	-79
1850	-79
1851	-79
1852	-79
1853	-79
1854	-79
1855	-79
1856	-79
1857	-79
1858	-79
1859	-79
1860	-79
1861	-79
1862	-79
1863	-79
1864	-79
1865	-79
1866	-79
1867	-79
1868	-79
1869	-79
1870	-79
1871	-79
1872	-79
1873	-79
1874	-79
1875	-79
1876	-79
1877	-79
1878	-79
1879	-79
1880	-79
1881	-79
1882	-79
1883	-79
1884	-79
1885	-79
1886	-79
1887	-79
1888	-79
1889	-79
1890	-79
1891	-79
1892	-79
1893	-79
1894	-79
1895	-79
1896	-79
1897	-79
1898	-79
1899	-79
1900	-79
1901	-79
1902	-79
1903	-79
1904	-79
1905	-79
1906	-79
1907	-79
1908	-79
1909	-79
1910	-79
1911	-79
1912	-79
1913	-79
1914	-79
1915	-79
1916	-79
1917	-79
1918	-79
1919	-79
1920	-79
1921	-79
1922	-79
1923	-79
1924	-79
1925	-79
1926	-79
1927	-79
1928	-79
1929	-79
1930	-79
1931	-79
1932	-79
1933	-79
1934	-79
1935	-79
1936	-79
1937	-79
1938	-79
1939	-79
1940	-79
1941	-79
1942	-79
1943	-79
1944	-79
1945	-79
1946	-79
1947	-79
1948	-79
1949	-79
1950	-79
1951	-79
1952	-79
1953	-79
1954	-79
1955	-79
1956	-79
1957	-79
1958	-79
1959	-79
1960	-79
1961	-79
1962	-79
1963	-79
1964	-79
1965	-79
1966	-79
1967	-79
1968	-79
1969	-79
1970	-79
1971	-79
1972	-79
1973	-79
1974	-79
1975	-79
1976	-79
1977	-79
1978	-79
1979	-79
1980	-79
1981	-79
1982	-79
1983	-79
1984	-79
1985	-79
1986	-79
1987	-79
1988	-79
1989	-79
1990	-79
1991	-79
1992	-79
1993	-79
1994	-79
1995	-79
1996	-79
1997	-79
1998	-79
1999	-79
2000	-79
2001	-79
2002	-79
2003	-79
2004	-79
2005	-79
2006	-79
2007	-79
2008	-79
2009	-79
2010	-79
2011	-79
2012	-79
2013	-79
2014	-79
2015	-79
2016	-79
2017	-79
2018	-79
2019	-79
2020	-79
2021	-79
2022	-79
2023	-79
2024	-79
2025	-79
2026	-79
2027	-79
2028	-79
2029	-79
2030	-79
2031	-79
2032	-79
2033	-79
2034	-79
2035	-79
2036	-79
2037	-79
2038	-79
2039	-79
2040	-79
2041	-79
2042	-79
2043	-79
2044	-79
2045	-79
2046	-79
2047	-79
2048	-80
2049	-80
2050	-80
2051	-80
2052	-80
2053	-80
2054	-80
2055	-80
2056	-80
2057	-81
2058	-82
2059	-82
2060	-82
2061	-82
2062	-82
2063	-83
2064	-84
2065	-85
2066	-86
2067	-86
2068	-86
2069	-87
2070	-88
2071	-88
2072	-88
2073	-88
2074	-88
2075	-88
2076	-88
2077	-88
2078	-88
2079	-88
2080	-88
2081	-89
2082	-90
2083	-90
2084	-90
2085	-90
2086	-90
2087	-90
2088	-90
2089	-90
2090	-90
2091	-90
2092	-90
2093	-90
2094	-90
2095	-90
2096	-90
2097	-90
2098	-90
2099	-90
2100	-90
2101	-90
2102	-90
2103	-90
2104	-90
2105	-90
2106	-90
2107	-90
2108	-90
2109	-90
2110	-90
2111	-90
2112	-90
2113	-90
2114	-90
2115	-90
2116	-90
2117	-90
2118	-90
2119	-90
2120	-90
2121	-90
2122	-90
2123	-90
2124	-90
2125	-90
2126	-90
2127	-90
2128	-90
2129	-90
2130	-90
2131	-90
2132	-90
2133	-90
2134	-90
2135	-90
2136	-90
2137	-90
2138	-90
2139	-90
2140	-90
2141	-90
2142	-90
2143	-90
2144	-90
2145	-90
2146	-90
2147	-90
2148	-90
2149	-90
2150	-90
2151	-90
2152	-90
2153	-90
2154	-90
2155	-90
2156	-90
2157	-90
2158	-90
2159	-90
2160	-90
2161	-90
2162	-90
2163	-90
2164	-90
2165	-90
2166	-90
2167	-90
2168	-90
2169	-90
2170	-90
2171	-90
2172	-90
2173	-90
2174	-90
2175	-90
2176	-90
2177	-90
2178	-90
2179	-90
2180	-90
2181	-90
2182	-90
2183	-90
2184	-90
2185	-90
2186	-90
2187	-90
2188	-90
2189	-90
2190	-90
2191	-90
2192	-90
2193	-90
2194	-90
2195	-90
2196	-90
2197	-90
2198	-90
2199	-90
2200	-90
2201	-90
2202	-90
2203	-90
2204	-90
2205	-90
2206	-90
2207	-90
2208	-90
2209	-90
2210	-90
2211	-90
2212	-90
2213	-90
2214	-90
2215	-90
2216	-90
2217	-90
2218	-90
2219	-90
2220	-90
2221	-90
2222	-90
2223	-90
2224	-90
2225	-91
2226	-91
2227	-91
2228	-91
2229	-91
2230	-91
2231	-91
2232	-91
2233	-91
2234	-91
2235	-91
2236	-91
2237	-91
2238	-91
2239	-91
2240	-91
2241	-91
2242	-91
2243	-91
2244	-91
2245	-91
2246	-91
2247	-91
2248	-91
2249	-91
2250	-92
2251	-93
2252	-93
2253	-93
2254	-93
2255	-93
2256	-93
2257	-93
2258	-93
2259	-93
2260	-93
2261	-93
2262	-93
2263	-93
2264	-93
2265	-93
2266	-94
2267	-94
2268	-94
2269	-94
2270	-94
2271	-94
2272	-94
2273	-94
2274	-94
2275	-94
2276	-94
2277	-94
2278	-94
2279	-94
2280	-94
2281	-94
2282	-94
2283	-94
2284	-94
2285	-94
2286	-94
2287	-94
2288	-94
2289	-94
2290	-94
2291	-94
2292	-94
2293	-94
2294	-94
2295	-94
2296	-94
2297	-94
2298	-94
2299	-94
2300	-94
2301	-94
2302	-94
2303	-94
2304	-94
2305	-94
2306	-94
2307	-94
2308	-94
2309	-94
2310	-94
2311	-94
2312	-94
2313	-94
2314	-94
2315	-94
2316	-94
2317	-94
2318	-94
2319	-94
2320	-94
2321	-94
2322	-94
2323	-94
2324	-94
2325	-94
2326	-94
2327	-94
2328	-94
2329	-94
2330	-94
2331	-94
2332	-94
2333	-94
2334	-94
2335	-94
2336	-94
2337	-94
2338	-94
2339	-94
2340	-94
2341	-94
2342	-94
2343	-94
2344	-94
2345	-94
2346	-94
2347	-94
2348	-94
2349	-94
2350	-94
2351	-94
2352	-94
2353	-94
2354	-94
2355	-94
2356	-94
2357	-94
2358	-94
2359	-94
2360	-94
2361	-94
2362	-94
2363	-94
2364	-94
2365	-94
2366	-94
2367	-94
2368	-94
2369	-94
2370	-94
2371	-94
2372	-94
2373	-94
2374	-94
2375	-94
2376	-94
2377	-94
2378	-94
2379	-94
2380	-94
2381	-94
2382	-94
2383	-94
2384	-94
2385	-94
2386	-94
2387	-94
2388	-94
2389	-94
2390	-94
2391	-94
2392	-94
2393	-94
2394	-94
2395	-94
2396	-94
2397	-94
2398	-94
2399	-94
2400	-94
2401	-94
2402	-94
2403	-94
2404	-94
2405	-94
2406	-94
2407	-94
2408	-94
2409	-94
2410	-94
2411	-94
2412	-94
2413	-94
2414	-94
2415	-94
2416	-94
2417	-94
2418	-94
2419	-94
2420	-94
2421	-94
2422	-94
2423	-94
2424	-94
2425	-94
2426	-94
2427	-94
2428	-94
2429	-94
2430	-94
2431	-94
2432	-94
2433	-94
2434	-94
2435	-94
2436	-94
2437	-94
2438	-94
2439	-94
2440	-94
2441	-94
2442	-94
2443	-94
2444	-94
2445	-94
2446	-94
2447	-94
2448	-94
2449	-94
2450	-94
2451	-94
2452	-94
2453	-94
2454	-94
2455	-94
2456	-94
2457	-94
2458	-94
2459	-94
2460	-94
2461	-94
2462	-94
2463	-94
2464	-94
2465	-94
2466	-94
2467	-94
2468	-94
2469	-94
2470	-94
2471	-94
2472	-94
2473	-94
2474	-94
2475	-94
2476	-94
2477	-94
2478	-94
2479	-94
2480	-94
2481	-94
2482	-94
2483	-94
2484	-94
2485	-94
2486	-94
2487	-94
2488	-94
2489	-94
2490	-94
2491	-94
2492	-94
2493	-94
2494	-94
2495	-94
2496	-94
2497	-94
2498	-94
2499	-94
2500	-94
2501	-94
2502	-94
2503	-94
2504	-94
2505	-94
2506	-94
2507	-94
2508	-94
2509	-94
2510	-94
2511	-94
2512	-94
2513	-94
2514	-94
2515	-94
2516	-94
2517	-94
2518	-94
2519	-94
2520	-94
2521	-94
2522	-94
2523	-94
2524	-94
2525	-94
2526	-94
2527	-94
2528	-94
2529	-94
2530	-94
2531	-94
2532	-94
2533	-94
2534	-94
2535	-94
2536	-94
2537	-94
2538	-94
2539	-94
2540	-94
2541	-94
2542	-94
2543	-94
2544	-94
2545	-94
2546	-94
2547	-94
2548	-94
2549	-94
2550	-94
2551	-94
2552	-94
2553	-94
2554	-94
2555	-94
2556	-94
2557	-94
2558	-94
2559	-94
2560	-94
2561	-94
2562	-94
2563	-94
2564	-94
2565	-94
2566	-94
2567	-94
2568	-94
2569	-94
2570	-94
2571	-94
2572	-94
2573	-94
2574	-94
2575	-94
2576	-94
2577	-94
2578	-94
2579	-94
2580	-94
2581	-94
2582	-94
2583	-94
2584	-94
2585	-94
2586	-94
2587	-94
2588	-94
2589	-94
2590	-94
2591	-94
2592	-94
2593	-94
2594	-94
2595	-94
2596	-94
2597	-94
2598	-94
2599	-94
2600	-94
2601	-94
2602	-94
2603	-94
2604	-94
2605	-94
2606	-94
2607	-94
2608	-94
2609	-94
2610	-94
2611	-94
2612	-94
2613	-94
2614	-94
2615	-94
2616	-94
2617	-94
2618	-94
2619	-94
2620	-94
2621	-94
2622	-94
2623	-94
2624	-94
2625	-94
2626	-94
2627	-94
2628	-94
2629	-94
2630	-94
2631	-94
2632	-94
2633	-94
2634	-94
2635	-94
2636	-94
2637	-94
2638	-94
2639	-94
2640	-94
2641	-94
2642	-94
2643	-94
2644	-94
2645	-94
2646	-94
2647	-94
2648	-94
2649	-94
2650	-94
2651	-94
2652	-94
2653	-94
2654	-94
2655	-94
2656	-94
2657	-94
2658	-94
2659	-94
2660	-94
2661	-94
2662	-94
2663	-94
2664	-94
2665	-94
2666	-94
2667	-94
2668	-94
2669	-94
2670	-94
2671	-94
2672	-94
2673	-94
2674	-94
2675	-94
2676	-94
2677	-94
2678	-94
2679	-94
2680	-94
2681	-94
2682	-94
2683	-94
2684	-94
2685	-94
2686	-94
2687	-94
2688	-94
2689	-94
2690	-94
2691	-94
2692	-94
2693	-94
2694	-94
2695	-94
2696	-94
2697	-94
2698	-94
2699	-94
2700	-94
2701	-94
2702	-94
2703	-94
2704	-94
2705	-94
2706	-94
2707	-94
2708	-94
2709	-94
2710	-94
2711	-94
2712	-94
2713	-94
2714	-94
2715	-94
2716	-94
2717	-94
2718	-94
2719	-94
2720	-94
2721	-94
2722	-94
2723	-94
2724	-94
2725	-94
2726	-94
2727	-94
2728	-94
2729	-94
2730	-94
2731	-94
2732	-94
2733	-94
2734	-94
2735	-94
2736	-94
2737	-94
2738	-94
2739	-94
2740	-94
2741	-94
2742	-94
2743	-94
2744	-94
2745	-94
2746	-94
2747	-94
2748	-94
2749	-94
2750	-94
2751	-94
2752	-94
2753	-94
2754	-94
2755	-94
2756	-94
2757	-94
2758	-94
2759	-94
2760	-94
2761	-94
2762	-94
2763	-94
2764	-94
2765	-94
2766	-94
2767	-94
2768	-94
2769	-94
2770	-94
2771	-94
2772	-94
2773	-94
2774	-94
2775	-94
2776	-94
2777	-94
2778	-94
2779	-94
2780	-94
2781	-94
2782	-94
2783	-94
2784	-94
2785	-94
2786	-94
2787	-94
2788	-94
2789	-94
2790	-94
2791	-94
2792	-94
2793	-94
2794	-94
2795	-94
2796	-94
2797	-94
2798	-94
2799	-94
2800	-94
2801	-94
2802	-94
2803	-94
2804	-94
2805	-94
2806	-94
2807	-94
2808	-94
2809	-94
2810	-94
2811	-94
2812	-94
2813	-94
2814	-94
2815	-94
2816	-94
2817	-94
2818	-94
2819	-94
2820	-94
2821	-94
2822	-94
2823	-94
2824	-94
2825	-94
2826	-94
2827	-94
2828	-94
2829	-94
2830	-94
2831	-94
2832	-94
2833	-94
2834	-94
2835	-94
2836	-94
2837	-94
2838	-94
2839	-94
2840	-94
2841	-94
2842	-94
2843	-94
2844	-94
2845	-94
2846	-94
2847	-94
2848	-94
2849	-94
2850	-94
2851	-94
2852	-94
2853	-94
2854	-94
2855	-94
2856	-94
2857	-94
2858	-94
2859	-94
2860	-94
2861	-94
2862	-94
2863	-94
2864	-94
2865	-94
2866	-94
2867	-94
2868	-94
2869	-94
2870	-94
2871	-94
2872	-94
2873	-94
2874	-94
2875	-94
2876	-94
2877	-94
2878	-94
2879	-94
2880	-94
2881	-94
2882	-94
2883	-94
2884	-94
2885	-94
2886	-94
2887	-94
2888	-94
2889	-94
2890	-94
2891	-94
2892	-94
2893	-94
2894	-94
2895	-94
2896	-94
2897	-94
2898	-94
2899	-94
2900	-94
2901	-94
2902	-94
2903	-94
2904	-94
2905	-94
2906	-94
2907	-94
2908	-94
2909	-94
2910	-94
2911	-94
2912	-94
2913	-94
2914	-94
2915	-94
2916	-94
2917	-94
2918	-94
2919	-94
2920	-94
2921	-94
2922	-94
2923	-94
2924	-94
2925	-94
2926	-94
2927	-94
2928	-94
2929	-94
2930	-94
2931	-94
2932	-94
2933	-94
2934	-94
2935	-94
2936	-94
2937	-94
2938	-94
2939	-94
2940	-94
2941	-94
2942	-94
2943	-94
2944	-94
2945	-94
2946	-94
2947	-94
2948	-94
2949	-94
2950	-94
2951	-94
2952	-94
2953	-94
2954	-94
2955	-94
2956	-94
2957	-94
2958	-94
2959	-94
2960	-94
2961	-94
2962	-94
2963	-94
2964	-94
2965	-94
2966	-94
2967	-94
2968	-94
2969	-94
2970	-94
2971	-94
2972	-94
2973	-94
2974	-94
2975	-94
2976	-94
2977	-94
2978	-94
2979	-94
2980	-94
2981	-94
2982	-94
2983	-94
2984	-94
2985	-94
2986	-94
2987	-94
2988	-94
2989	-94
2990	-94
2991	-94
2992	-94
2993	-94
2994	-94
2995	-94
2996	-94
2997	-94
2998	-94
2999	-94
3000	-94
3001	-94
3002	-94
3003	-94
3004	-94
3005	-94
3006	-94
3007	-94
3008	-94
3009	-94
3010	-94
3011	-94
3012	-94
3013	-94
3014	-94
3015	-94
3016	-94
3017	-94
3018	-94
3019	-94
3020	-94
3021	-94
3022	-94
3023	-94
3024	-94
3025	-94
3026	-94
3027	-94
3028	-94
3029	-94
3030	-94
3031	-94
3032	-94
3033	-94
3034	-94
3035	-94
3036	-94
3037	-94
3038	-94
3039	-94
3040	-94
3041	-94
3042	-94
3043	-94
3044	-94
3045	-94
3046	-94
3047	-94
3048	-94
3049	-94
3050	-94
3051	-94
3052	-94
3053	-94
3054	-94
3055	-94
3056	-94
3057	-94
3058	-94
3059	-94
3060	-94
3061	-94
3062	-94
3063	-94
3064	-94
3065	-94
3066	-94
3067	-94
3068	-94
3069	-94
3070	-94
3071	-94
3072	-94
3073	-94
3074	-94
3075	-94
3076	-94
3077	-94
3078	-94
3079	-94
3080	-94
3081	-94
3082	-94
3083	-94
3084	-94
3085	-94
3086	-94
3087	-94
3088	-94
3089	-94
3090	-94
3091	-94
3092	-94
3093	-94
3094	-94
3095	-94
3096	-94
3097	-94
3098	-94
3099	-94
3100	-94
3101	-94
3102	-94
3103	-94
3104	-94
3105	-94
3106	-94
3107	-94
3108	-94
3109	-94
3110	-94
3111	-94
3112	-94
3113	-94
3114	-94
3115	-94
3116	-94
3117	-94
3118	-94
3119	-94
3120	-94
3121	-94
3122	-94
3123	-94
3124	-94
3125	-94
3126	-94
3127	-94
3128	-94
3129	-94
3130	-94
3131	-94
3132	-94
3133	-94
3134	-94
3135	-94
3136	-94
3137	-94
3138	-94
3139	-94
3140	-94
3141	-94
3142	-94
3143	-94
3144	-94
3145	-94
3146	-94
3147	-94
3148	-94
3149	-94
3150	-94
3151	-94
3152	-94
3153	-94
3154	-94
3155	-94
3156	-94
3157	-94
3158	-94
3159	-94
3160	-94
3161	-94
3162	-94
3163	-94
3164	-94
3165	-94
3166	-94
3167	-94
3168	-94
3169	-94
3170	-94
3171	-94
3172	-94
3173	-94
3174	-94
3175	-94
3176	-94
3177	-94
3178	-94
3179	-94
3180	-94
3181	-94
3182	-94
3183	-94
3184	-94
3185	-94
3186	-94
3187	-94
3188	-94
3189	-94
3190	-94
3191	-94
3192	-94
3193	-94
3194	-94
3195	-94
3196	-94
3197	-94
3198	-94
3199	-94
3200	-94
3201	-94
3202	-94
3203	-94
3204	-94
3205	-94
3206	-94
3207	-94
3208	-94
3209	-94
3210	-94
3211	-94
3212	-94
3213	-94
3214	-94
3215	-94
3216	-94
3217	-94
3218	-94
3219	-94
3220	-94
3221	-94
3222	-94
3223	-94
3224	-94
3225	-94
3226	-94
3227	-94
3228	-94
3229	-94
3230	-94
3231	-94
3232	-94
3233	-94
3234	-94
3235	-94
3236	-94
3237	-94
3238	-94
3239	-94
3240	-94
3241	-94
3242	-94
3243	-94
3244	-94
3245	-94
3246	-94
3247	-94
3248	-94
3249	-94
3250	-94
3251	-94
3252	-94
3253	-94
3254	-94
3255	-94
3256	-94
3257	-94
3258	-94
3259	-94
3260	-94
3261	-94
3262	-94
3263	-94
3264	-94
3265	-94
3266	-94
3267	-94
3268	-94
3269	-94
3270	-94
3271	-94
3272	-94
3273	-94
3274	-94
3275	-94
3276	-94
3277	-94
3278	-94
3279	-94
3280	-94
3281	-94
3282	-94
3283	-94
3284	-94
3285	-94
3286	-94
3287	-94
3288	-94
3289	-94
3290	-94
3291	-94
3292	-94
3293	-94
3294	-94
3295	-94
3296	-94
3297	-94
3298	-94
3299	-94
3300	-94
3301	-94
3302	-94
3303	-94
3304	-94
3305	-94
3306	-94
3307	-94
3308	-94
3309	-94
3310	-94
3311	-94
3312	-94
3313	-94
3314	-94
3315	-94
3316	-94
3317	-94
3318	-94
3319	-94
3320	-94
3321	-94
3322	-94
3323	-94
3324	-94
3325	-94
3326	-94
3327	-94
3328	-94
3329	-94
3330	-94
3331	-94
3332	-94
3333	-94
3334	-94
3335	-94
3336	-94
3337	-94
3338	-94
3339	-94
3340	-94
3341	-94
3342	-94
3343	-94
3344	-94
3345	-94
3346	-94
3347	-94
3348	-94
3349	-94
3350	-94
3351	-94
3352	-94
3353	-94
3354	-94
3355	-94
3356	-94
3357	-94
3358	-94
3359	-94
3360	-94
3361	-94
3362	-94
3363	-94
3364	-94
3365	-94
3366	-94
3367	-94
3368	-94
3369	-94
3370	-94
3371	-94
3372	-94
3373	-94
3374	-94
3375	-94
3376	-94
3377	-94
3378	-94
3379	-94
3380	-94
3381	-94
3382	-94
3383	-94
3384	-94
3385	-94
3386	-94
3387	-94
3388	-94
3389	-94
3390	-94
3391	-94
3392	-94
3393	-94
3394	-94
3395	-94
3396	-94
3397	-94
3398	-94
3399	-94
3400	-94
3401	-94
3402	-94
3403	-94
3404	-94
3405	-94
3406	-94
3407	-94
3408	-94
3409	-94
3410	-94
3411	-94
3412	-94
3413	-94
3414	-94
3415	-94
3416	-94
3417	-94
3418	-94
3419	-94
3420	-94
3421	-94
3422	-94
3423	-94
3424	-94
3425	-94
3426	-94
3427	-94
3428	-94
3429	-94
3430	-94
3431	-94
3432	-94
3433	-94
3434	-94
3435	-94
3436	-94
3437	-94
3438	-94
3439	-94
3440	-94
3441	-94
3442	-94
3443	-94
3444	-94
3445	-94
3446	-94
3447	-94
3448	-94
3449	-94
3450	-94
3451	-94
3452	-94
3453	-94
3454	-94
3455	-94
3456	-94
3457	-94
3458	-94
3459	-94
3460	-94
3461	-94
3462	-94
3463	-94
3464	-94
3465	-94
3466	-94
3467	-94
3468	-94
3469	-94
3470	-94
3471	-94
3472	-94
3473	-94
3474	-94
3475	-94
3476	-94
3477	-94
3478	-94
3479	-94
3480	-94
3481	-94
3482	-94
3483	-94
3484	-94
3485	-94
3486	-94
3487	-94
3488	-94
3489	-94
3490	-94
3491	-94
3492	-94
3493	-94
3494	-94
3495	-94
3496	-94
3497	-94
3498	-94
3499	-94
3500	-94
3501	-94
3502	-94
3503	-94
3504	-94
3505	-94
3506	-94
3507	-94
3508	-94
3509	-94
3510	-94
3511	-94
3512	-94
3513	-94
3514	-94
3515	-94
3516	-94
3517	-94
3518	-94
3519	-94
3520	-94
3521	-94
3522	-94
3523	-94
3524	-94
3525	-94
3526	-94
3527	-94
3528	-94
3529	-94
3530	-94
3531	-94
3532	-94
3533	-94
3534	-94
3535	-94
3536	-94
3537	-94
3538	-94
3539	-94
3540	-94
3541	-94
3542	-94
3543	-94
3544	-94
3545	-94
3546	-94
3547	-94
3548	-94
3549	-94
3550	-94
3551	-94
3552	-94
3553	-94
3554	-94
3555	-94
3556	-94
3557	-94
3558	-94
3559	-94
3560	-94
3561	-94
3562	-94
3563	-94
3564	-94
3565	-94
3566	-94
3567	-94
3568	-94
3569	-94
3570	-94
3571	-94
3572	-94
3573	-94
3574	-94
3575	-94
3576	-94
3577	-94
3578	-94
3579	-94
3580	-94
3581	-94
3582	-94
3583	-94
3584	-94
3585	-94
3586	-94
3587	-94
3588	-94
3589	-94
3590	-94
3591	-94
3592	-94
3593	-94
3594	-94
3595	-94
3596	-94
3597	-94
3598	-94
3599	-94
3600	-94
3601	-94
3602	-94
3603	-94
3604	-94
3605	-94
3606	-94
3607	-94
3608	-94
3609	-94
3610	-94
3611	-94
3612	-94
3613	-94
3614	-94
3615	-94
3616	-94
3617	-94
3618	-94
3619	-94
3620	-94
3621	-94
3622	-94
3623	-94
3624	-94
3625	-94
3626	-94
3627	-94
3628	-94
3629	-94
3630	-94
3631	-94
3632	-94
3633	-94
3634	-94
3635	-94
3636	-94
3637	-94
3638	-94
3639	-94
3640	-94
3641	-94
3642	-94
3643	-94
3644	-94
3645	-94
3646	-94
3647	-94
3648	-94
3649	-94
3650	-94
3651	-94
3652	-94
3653	-94
3654	-94
3655	-94
3656	-94
3657	-94
3658	-94
3659	-94
3660	-94
3661	-94
3662	-94
3663	-94
3664	-94
3665	-94
3666	-94
3667	-94
3668	-94
3669	-94
3670	-94
3671	-94
3672	-94
3673	-94
3674	-94
3675	-94
3676	-94
3677	-94
3678	-94
3679	-94
3680	-94
3681	-94
3682	-94
3683	-94
3684	-94
3685	-94
3686	-94
3687	-94
3688	-94
3689	-94
3690	-94
3691	-94
3692	-94
3693	-94
3694	-94
3695	-94
3696	-94
3697	-94
3698	-94
3699	-94
3700	-94
3701	-94
3702	-94
3703	-94
3704	-94
3705	-94
3706	-94
3707	-94
3708	-94
3709	-94
3710	-94
3711	-94
3712	-94
3713	-94
3714	-94
3715	-94
3716	-94
3717	-94
3718	-94
3719	-94
3720	-94
3721	-94
3722	-94
3723	-94
3724	-94
3725	-94
3726	-94
3727	-94
3728	-94
3729	-94
3730	-94
3731	-94
3732	-94
3733	-94
3734	-94
3735	-94
3736	-94
3737	-94
3738	-94
3739	-94
3740	-94
3741	-94
3742	-94
3743	-94
3744	-94
3745	-94
3746	-94
3747	-94
3748	-94
3749	-94
3750	-94
3751	-94
3752	-94
3753	-94
3754	-94
3755	-94
3756	-94
3757	-94
3758	-94
3759	-94
3760	-94
3761	-94
3762	-94
3763	-94
3764	-94
3765	-94
3766	-94
3767	-94
3768	-94
3769	-94
3770	-94
3771	-94
3772	-94
3773	-94
3774	-94
3775	-94
3776	-94
3777	-94
3778	-94
3779	-94
3780	-94
3781	-94
3782	-94
3783	-94
3784	-94
3785	-94
3786	-94
3787	-94
3788	-94
3789	-94
3790	-94
3791	-94
3792	-94
3793	-94
3794	-94
3795	-94
3796	-94
3797	-94
3798	-94
3799	-94
3800	-94
3801	-94
3802	-94
3803	-94
3804	-94
3805	-94
3806	-94
3807	-94
3808	-94
3809	-94
3810	-94
3811	-94
3812	-94
3813	-94
3814	-94
3815	-94
3816	-94
3817	-94
3818	-94
3819	-94
3820	-94
3821	-94
3822	-94
3823	-94
3824	-94
3825	-94
3826	-94
3827	-94
3828	-94
3829	-94
3830	-94
3831	-94
3832	-94
3833	-94
3834	-94
3835	-94
3836	-94
3837	-94
3838	-94
3839	-94
3840	-94
3841	-94
3842	-94
3843	-94
3844	-94
3845	-94
3846	-94
3847	-94
3848	-94
3849	-94
3850	-94
3851	-94
3852	-94
3853	-94
3854	-94
3855	-94
3856	-94
3857	-94
3858	-94
3859	-94
3860	-94
3861	-94
3862	-94
3863	-94
3864	-94
3865	-94
3866	-94
3867	-94
3868	-94
3869	-94
3870	-94
3871	-94
3872	-94
3873	-94
3874	-94
3875	-94
3876	-94
3877	-94
3878	-94
3879	-94
3880	-94
3881	-94
3882	-94
3883	-94
3884	-94
3885	-94
3886	-94
3887	-94
3888	-94
3889	-94
3890	-94
3891	-94
3892	-94
3893	-94
3894	-94
3895	-94
3896	-94
3897	-94
3898	-94
3899	-94
3900	-94
3901	-94
3902	-94
3903	-94
3904	-94
3905	-94
3906	-94
3907	-94
3908	-94
3909	-94
3910	-94
3911	-94
3912	-94
3913	-94
3914	-94
3915	-94
3916	-94
3917	-94
3918	-94
3919	-94
3920	-94
3921	-94
3922	-94
3923	-94
3924	-94
3925	-94
3926	-94
3927	-94
3928	-94
3929	-94
3930	-94
3931	-94
3932	-94
3933	-94
3934	-94
3935	-94
3936	-94
3937	-94
3938	-94
3939	-94
3940	-94
3941	-94
3942	-94
3943	-94
3944	-94
3945	-94
3946	-94
3947	-94
3948	-94
3949	-94
3950	-94
3951	-94
3952	-94
3953	-94
3954	-94
3955	-94
3956	-94
3957	-94
3958	-94
3959	-94
3960	-94
3961	-94
3962	-94
3963	-94
3964	-94
3965	-94
3966	-94
3967	-94
3968	-94
3969	-94
3970	-94
3971	-94
3972	-94
3973	-94
3974	-94
3975	-94
3976	-94
3977	-94
3978	-94
3979	-94
3980	-94
3981	-94
3982	-94
3983	-94
3984	-94
3985	-94
3986	-94
3987	-94
3988	-94
3989	-94
3990	-94
3991	-94
3992	-94
3993	-94
3994	-94
3995	-94
3996	-94
3997	-94
3998	-94
3999	-94
4000	-94
4001	-94
4002	-94
4003	-94
4004	-94
4005	-94
4006	-94
4007	-94
4008	-94
4009	-94
4010	-94
4011	-94
4012	-94
4013	-94
4014	-94
4015	-94
4016	-94
4017	-94
4018	-94
4019	-94
4020	-94
4021	-94
4022	-94
4023	-94
4024	-94
4025	-94
4026	-94
4027	-94
4028	-94
4029	-94
4030	-94
4031	-94
4032	-94
4033	-94
4034	-94
4035	-94
4036	-94
4037	-94
4038	-94
4039	-94
4040	-94
4041	-94
4042	-94
4043	-94
4044	-94
4045	-94
4046	-94
4047	-94
4048	-94
4049	-94
4050	-94
4051	-94
4052	-94
4053	-94
4054	-94
4055	-94
4056	-94
4057	-94
4058	-94
4059	-94
4060	-94
4061	-94
4062	-94
4063	-94
4064	-94
4065	-94
4066	-94
4067	-94
4068	-94
4069	-94
4070	-94
4071	-94
4072	-94
4073	-94
4074	-94
4075	-94
4076	-94
4077	-94
4078	-94
4079	-94
4080	-94
4081	-94
4082	-94
4083	-94
4084	-94
4085	-94
4086	-94
4087	-94
4088	-94
4089	-94
4090	-94
4091	-94
4092	-94
4093	-94
4094	-94
4095	-94
4096	-94
4097	-94
4098	-94
4099	-94
4100	-94
4101	-94
4102	-94
4103	-94
4104	-94
4105	-94
4106	-94
4107	-94
4108	-94
4109	-94
4110	-94
4111	-94
4112	-94
4113	-94
4114	-94
4115	-94
4116	-94
4117	-94
4118	-94
4119	-94
4120	-94
4121	-94
4122	-94
4123	-94
4124	-94
4125	-94
4126	-94
4127	-94
4128	-94
4129	-94
4130	-94
4131	-94
4132	-94
4133	-94
4134	-94
4135	-94
4136	-94
4137	-94
4138	-94
4139	-94
4140	-94
4141	-94
4142	-94
4143	-94
4144	-94
4145	-94
4146	-94
4147	-94
4148	-94
4149	-94
4150	-94
4151	-94
4152	-94
4153	-94
4154	-94
4155	-94
4156	-94
4157	-94
4158	-94
4159	-94
4160	-94
4161	-94
4162	-94
4163	-94
4164	-94
4165	-94
4166	-94
4167	-94
4168	-94
4169	-94
4170	-94
4171	-94
4172	-94
4173	-94
4174	-94
4175	-94
4176	-94
4177	-94
4178	-94
4179	-94
4180	-94
4181	-94
4182	-94
4183	-94
4184	-94
4185	-94
4186	-94
4187	-94
4188	-94
4189	-94
4190	-94
4191	-94
4192	-94
4193	-94
4194	-94
4195	-94
4196	-94
4197	-94
4198	-94
4199	-94
4200	-94
4201	-94
4202	-94
4203	-94
4204	-94
4205	-94
4206	-94
4207	-94
4208	-94
4209	-94
4210	-94
4211	-94
4212	-94
4213	-94
4214	-94
4215	-94
4216	-94
4217	-94
4218	-94
4219	-94
4220	-94
4221	-94
4222	-94
4223	-94
4224	-94
4225	-94
4226	-94
4227	-94
4228	-94
4229	-94
4230	-94
4231	-94
4232	-94
4233	-94
4234	-94
4235	-94
4236	-94
4237	-94
4238	-94
4239	-94
4240	-94
4241	-94
4242	-94
4243	-94
4244	-94
4245	-94
4246	-94
4247	-94
4248	-94
4249	-94
4250	-94
4251	-94
4252	-94
4253	-94
4254	-94
4255	-94
4256	-94
4257	-94
4258	-94
4259	-94
4260	-94
4261	-94
4262	-94
4263	-94
4264	-94
4265	-94
4266	-94
4267	-94
4268	-94
4269	-94
4270	-94
4271	-94
4272	-94
4273	-94
4274	-94
4275	-94
4276	-94
4277	-94
4278	-94
4279	-94
4280	-94
4281	-94
4282	-94
4283	-94
4284	-94
4285	-94
4286	-94
4287	-94
4288	-94
4289	-94
4290	-94
4291	-94
4292	-94
4293	-94
4294	-94
4295	-94
4296	-94
4297	-94
4298	-94
4299	-94
4300	-94
4301	-94
4302	-94
4303	-94
4304	-94
4305	-94
4306	-94
4307	-94
4308	-94
4309	-94
4310	-94
4311	-94
4312	-94
4313	-94
4314	-94
4315	-94
4316	-94
4317	-94
4318	-94
4319	-94
4320	-94
4321	-94
4322	-94
4323	-94
4324	-94
4325	-94
4326	-94
4327	-94
4328	-94
4329	-94
4330	-94
4331	-94
4332	-94
4333	-94
4334	-94
4335	-94
4336	-94
4337	-94
4338	-94
4339	-94
4340	-94
4341	-94
4342	-94
4343	-94
4344	-94
4345	-94
4346	-94
4347	-94
4348	-94
4349	-94
4350	-94
4351	-94
4352	-94
4353	-94
4354	-94
4355	-94
4356	-94
4357	-94
4358	-94
4359	-94
4360	-94
4361	-94
4362	-94
4363	-94
4364	-94
4365	-94
4366	-94
4367	-94
4368	-94
4369	-94
4370	-94
4371	-94
4372	-94
4373	-94
4374	-94
4375	-94
4376	-94
4377	-94
4378	-94
4379	-94
4380	-94
4381	-94
4382	-94
4383	-94
4384	-94
4385	-94
4386	-94
4387	-94
4388	-94
4389	-94
4390	-94
4391	-94
4392	-94
4393	-94
4394	-94
4395	-94
4396	-94
4397	-94
4398	-94
4399	-94
4400	-94
4401	-94
4402	-94
4403	-94
4404	-94
4405	-94
4406	-94
4407	-94
4408	-94
4409	-94
4410	-94
4411	-94
4412	-94
4413	-94
4414	-94
4415	-94
4416	-94
4417	-94
4418	-94
4419	-94
4420	-94
4421	-94
4422	-94
4423	-94
4424	-94
4425	-94
4426	-94
4427	-94
4428	-94
4429	-94
4430	-94
4431	-94
4432	-94
4433	-94
4434	-94
4435	-94
4436	-94
4437	-94
4438	-94
4439	-94
4440	-94
4441	-94
4442	-94
4443	-94
4444	-94
4445	-94
4446	-94
4447	-94
4448	-94
4449	-94
4450	-94
4451	-94
4452	-94
4453	-94
4454	-94
4455	-94
4456	-94
4457	-94
4458	-94
4459	-94
4460	-94
4461	-94
4462	-94
4463	-94
4464	-94
4465	-94
4466	-94
4467	-94
4468	-94
4469	-94
4470	-94
4471	-94
4472	-94
4473	-94
4474	-94
4475	-94
4476	-94
4477	-94
4478	-94
4479	-94
4480	-94
4481	-94
4482	-94
4483	-94
4484	-94
4485	-94
4486	-94
4487	-94
4488	-94
4489	-94
4490	-94
4491	-94
4492	-94
4493	-94
4494	-94
4495	-94
4496	-94
4497	-94
4498	-94
4499	-94
4500	-94
4501	-94
4502	-94
4503	-94
4504	-94
4505	-94
4506	-94
4507	-94
4508	-94
4509	-94
4510	-94
4511	-94
4512	-94
4513	-94
4514	-94
4515	-94
4516	-94
4517	-94
4518	-94
4519	-94
4520	-94
4521	-94
4522	-94
4523	-94
4524	-94
4525	-94
4526	-94
4527	-94
4528	-94
4529	-94
4530	-94
4531	-94
4532	-94
4533	-94
4534	-94
4535	-94
4536	-94
4537	-94
4538	-94
4539	-94
4540	-94
4541	-94
4542	-94
4543	-94
4544	-94
4545	-94
4546	-94
4547	-94
4548	-94
4549	-94
4550	-94
4551	-94
4552	-94
4553	-94
4554	-94
4555	-94
4556	-94
4557	-94
4558	-94
4559	-94
4560	-94
4561	-94
4562	-94
4563	-94
4564	-94
4565	-94
4566	-94
4567	-94
4568	-94
4569	-94
4570	-94
4571	-94
4572	-94
4573	-94
4574	-94
4575	-94
4576	-94
4577	-94
4578	-94
4579	-94
4580	-94
4581	-94
4582	-94
4583	-94
4584	-94
4585	-94
4586	-94
4587	-94
4588	-94
4589	-94
4590	-94
4591	-94
4592	-94
4593	-94
4594	-94
4595	-94
4596	-94
4597	-94
4598	-94
4599	-94
4600	-94
4601	-94
4602	-94
4603	-94
4604	-94
4605	-94
4606	-94
4607	-94
4608	-94
4609	-94
4610	-94
4611	-94
4612	-94
4613	-94
4614	-94
4615	-94
4616	-94
4617	-94
4618	-94
4619	-94
4620	-94
4621	-94
4622	-94
4623	-94
4624	-94
4625	-94
4626	-94
4627	-94
4628	-94
4629	-94
4630	-94
4631	-94
4632	-94
4633	-94
4634	-94
4635	-94
4636	-94
4637	-94
4638	-94
4639	-94
4640	-94
4641	-94
4642	-94
4643	-94
4644	-94
4645	-94
4646	-94
4647	-94
4648	-94
4649	-94
4650	-94
4651	-94
4652	-94
4653	-94
4654	-94
4655	-94
4656	-94
4657	-94
4658	-94
4659	-94
4660	-94
4661	-94
4662	-94
4663	-94
4664	-94
4665	-94
4666	-94
4667	-94
4668	-94
4669	-94
4670	-94
4671	-94
4672	-94
4673	-94
4674	-94
4675	-94
4676	-94
4677	-94
4678	-94
4679	-94
4680	-94
4681	-94
4682	-94
4683	-94
4684	-94
4685	-94
4686	-94
4687	-94
4688	-94
4689	-94
4690	-94
4691	-94
4692	-94
4693	-94
4694	-94
4695	-94
4696	-94
4697	-94
4698	-94
4699	-94
4700	-94
4701	-94
4702	-94
4703	-94
4704	-94
4705	-94
4706	-94
4707	-94
4708	-94
4709	-94
4710	-94
4711	-94
4712	-94
4713	-94
4714	-94
4715	-94
4716	-94
4717	-94
4718	-94
4719	-94
4720	-94
4721	-94
4722	-94
4723	-94
4724	-94
4725	-94
4726	-94
4727	-94
4728	-94
4729	-94
4730	-94
4731	-94
4732	-94
4733	-94
4734	-94
4735	-94
4736	-94
4737	-94
4738	-94
4739	-94
4740	-94
4741	-94
4742	-94
4743	-94
4744	-94
4745	-94
4746	-94
4747	-94
4748	-94
4749	-94
4750	-94
4751	-94
4752	-94
4753	-94
4754	-94
4755	-94
4756	-94
4757	-94
4758	-94
4759	-94
4760	-94
4761	-94
4762	-94
4763	-94
4764	-94
4765	-94
4766	-94
4767	-94
4768	-94
4769	-94
4770	-94
4771	-94
4772	-94
4773	-94
4774	-94
4775	-94
4776	-94
4777	-94
4778	-94
4779	-94
4780	-94
4781	-94
4782	-94
4783	-94
4784	-94
4785	-94
4786	-94
4787	-94
4788	-94
4789	-94
4790	-94
4791	-94
4792	-94
4793	-94
4794	-94
4795	-94
4796	-94
4797	-94
4798	-94
4799	-94
4800	-94
4801	-94
4802	-94
4803	-94
4804	-94
4805	-94
4806	-94
4807	-94
4808	-94
4809	-94
4810	-94
4811	-94
4812	-94
4813	-94
4814	-94
4815	-94
4816	-94
4817	-94
4818	-94
4819	-94
4820	-94
4821	-94
4822	-94
4823	-94
4824	-94
4825	-94
4826	-94
4827	-94
4828	-94
4829	-94
4830	-94
4831	-94
4832	-94
4833	-94
4834	-94
4835	-94
4836	-94
4837	-94
4838	-94
4839	-94
4840	-94
4841	-94
4842	-94
4843	-94
4844	-94
4845	-94
4846	-94
4847	-94
4848	-94
4849	-94
4850	-94
4851	-94
4852	-94
4853	-94
4854	-94
4855	-94
4856	-94
4857	-94
4858	-94
4859	-94
4860	-94
4861	-94
4862	-94
4863	-94
4864	-94
4865	-94
4866	-94
4867	-94
4868	-94
4869	-94
4870	-94
4871	-94
4872	-94
4873	-94
4874	-94
4875	-94
4876	-94
4877	-94
4878	-94
4879	-94
4880	-94
4881	-94
4882	-94
4883	-94
4884	-94
4885	-94
4886	-94
4887	-94
4888	-94
4889	-94
4890	-94
4891	-94
4892	-94
4893	-94
4894	-94
4895	-94
4896	-94
4897	-94
4898	-94
4899	-94
4900	-94
4901	-94
4902	-94
4903	-94
4904	-94
4905	-94
4906	-94
4907	-94
4908	-94
4909	-94
4910	-94
4911	-94
4912	-94
4913	-94
4914	-94
4915	-94
4916	-94
4917	-94
4918	-94
4919	-94
4920	-94
4921	-94
4922	-94
4923	-94
4924	-94
4925	-94
4926	-94
4927	-94
4928	-94
4929	-94
4930	-94
4931	-94
4932	-94
4933	-94
4934	-94
4935	-94
4936	-94
4937	-94
4938	-94
4939	-94
4940	-94
4941	-94
4942	-94
4943	-94
4944	-94
4945	-94
4946	-94
4947	-94
4948	-94
4949	-94
4950	-94
4951	-94
4952	-94
4953	-94
4954	-94
4955	-94
4956	-94
4957	-94
4958	-94
4959	-94
4960	-94
4961	-94
4962	-94
4963	-94
4964	-94
4965	-94
4966	-94
4967	-94
4968	-94
4969	-94
4970	-94
4971	-94
4972	-94
4973	-94
4974	-94
4975	-94
4976	-94
4977	-94
4978	-94
4979	-94
4980	-94
4981	-94
4982	-94
4983	-94
4984	-94
4985	-94
4986	-94
4987	-94
4988	-94
4989	-94
4990	-94
4991	-94
4992	-94
4993	-94
4994	-94
4995	-94
4996	-94
4997	-94
4998	-94
4999	-94
5000	-94
5001	-94
5002	-94
5003	-94
5004	-94
5005	-94
5006	-94
5007	-94
5008	-94
5009	-94
5010	-94
5011	-94
5012	-94
5013	-94
5014	-94
5015	-94
5016	-94
5017	-94
5018	-94
5019	-94
5020	-94
5021	-94
5022	-94
5023	-94
5024	-94
5025	-94
5026	-94
5027	-94
5028	-94
5029	-94
5030	-94
5031	-94
5032	-94
5033	-94
5034	-94
5035	-94
5036	-94
5037	-94
5038	-94
5039	-94
5040	-94
5041	-94
5042	-94
5043	-94
5044	-94
5045	-94
5046	-94
5047	-94
5048	-94
5049	-94
5050	-94
5051	-94
5052	-94
5053	-94
5054	-94
5055	-94
5056	-94
5057	-94
5058	-94
5059	-94
5060	-94
5061	-94
5062	-94
5063	-94
5064	-94
5065	-94
5066	-94
5067	-94
5068	-94
5069	-94
5070	-94
5071	-94
5072	-94
5073	-94
5074	-94
5075	-94
5076	-94
5077	-94
5078	-94
5079	-94
5080	-94
5081	-94
5082	-94
5083	-94
5084	-94
5085	-94
5086	-94
5087	-94
5088	-94
5089	-94
5090	-94
5091	-94
5092	-94
5093	-94
5094	-94
5095	-94
5096	-94
5097	-94
5098	-94
5099	-94
5100	-94
5101	-94
5102	-94
5103	-94
5104	-94
5105	-94
5106	-94
5107	-94
5108	-94
5109	-94
5110	-94
5111	-94
5112	-94
5113	-94
5114	-94
5115	-94
5116	-94
5117	-94
5118	-94
5119	-94
5120	-94
5121	-94
5122	-94
5123	-94
5124	-94
5125	-94
5126	-94
5127	-94
5128	-94
5129	-94
5130	-94
5131	-94
5132	-94
5133	-94
5134	-94
5135	-94
5136	-94
5137	-94
5138	-94
5139	-94
5140	-94
5141	-94
5142	-94
5143	-94
5144	-94
5145	-94
5146	-94
5147	-94
5148	-94
5149	-94
5150	-94
5151	-94
5152	-94
5153	-94
5154	-94
5155	-94
5156	-94
5157	-94
5158	-94
5159	-94
5160	-94
5161	-94
5162	-94
5163	-94
5164	-94
5165	-94
5166	-94
5167	-94
5168	-94
5169	-94
5170	-94
5171	-94
5172	-94
5173	-94
5174	-94
5175	-94
5176	-94
5177	-94
5178	-94
5179	-94
5180	-94
5181	-94
5182	-94
5183	-94
5184	-94
5185	-94
5186	-94
5187	-94
5188	-94
5189	-94
5190	-94
5191	-94
5192	-94
5193	-94
5194	-94
5195	-94
5196	-94
5197	-94
5198	-94
5199	-94
5200	-94
5201	-94
5202	-94
5203	-94
5204	-94
5205	-94
5206	-94
5207	-94
5208	-94
5209	-94
5210	-94
5211	-94
5212	-94
5213	-94
5214	-94
5215	-94
5216	-94
5217	-94
5218	-94
5219	-94
5220	-94
5221	-94
5222	-94
5223	-94
5224	-94
5225	-94
5226	-94
5227	-94
5228	-94
5229	-94
5230	-94
5231	-94
5232	-94
5233	-94
5234	-94
5235	-94
5236	-94
5237	-94
5238	-94
5239	-94
5240	-94
5241	-94
5242	-94
5243	-94
5244	-94
5245	-94
5246	-94
5247	-94
5248	-94
5249	-94
5250	-94
5251	-94
5252	-94
5253	-94
5254	-94
5255	-94
5256	-94
5257	-94
5258	-94
5259	-94
5260	-94
5261	-94
5262	-94
5263	-94
5264	-94
5265	-94
5266	-94
5267	-94
5268	-94
5269	-94
5270	-94
5271	-94
5272	-94
5273	-94
5274	-94
5275	-94
5276	-94
5277	-94
5278	-94
5279	-94
5280	-94
5281	-94
5282	-94
5283	-94
5284	-94
5285	-94
5286	-94
5287	-94
5288	-94
5289	-94
5290	-94
5291	-94
5292	-94
5293	-94
5294	-94
5295	-94
5296	-94
5297	-94
5298	-94
5299	-94
5300	-94
5301	-94
5302	-94
5303	-94
5304	-94
5305	-94
5306	-94
5307	-94
5308	-94
5309	-94
5310	-94
5311	-94
5312	-94
5313	-94
5314	-94
5315	-94
5316	-94
5317	-94
5318	-94
5319	-94
5320	-94
5321	-94
5322	-94
5323	-94
5324	-94
5325	-94
5326	-94
5327	-94
5328	-94
5329	-94
5330	-94
5331	-94
5332	-94
5333	-94
5334	-94
5335	-94
5336	-94
5337	-94
5338	-94
5339	-94
5340	-94
5341	-94
5342	-94
5343	-94
5344	-94
5345	-94
5346	-94
5347	-94
5348	-94
5349	-94
5350	-94
5351	-94
5352	-94
5353	-94
5354	-94
5355	-94
5356	-94
5357	-94
5358	-94
5359	-94
5360	-94
5361	-94
5362	-94
5363	-94
5364	-94
5365	-94
5366	-94
5367	-94
5368	-94
5369	-94
5370	-94
5371	-94
5372	-94
5373	-94
5374	-94
5375	-94
5376	-94
5377	-94
5378	-94
5379	-94
5380	-94
5381	-94
5382	-94
5383	-94
5384	-94
5385	-94
5386	-94
5387	-94
5388	-94
5389	-94
5390	-94
5391	-94
5392	-94
5393	-94
5394	-94
5395	-94
5396	-94
5397	-94
5398	-94
5399	-94
5400	-94
5401	-94
5402	-94
5403	-94
5404	-94
5405	-94
5406	-94
5407	-94
5408	-94
5409	-94
5410	-94
5411	-94
5412	-94
5413	-94
5414	-94
5415	-94
5416	-94
5417	-94
5418	-94
5419	-94
5420	-94
5421	-94
5422	-94
5423	-94
5424	-94
5425	-94
5426	-94
5427	-94
5428	-94
5429	-94
5430	-94
5431	-94
5432	-94
5433	-94
5434	-94
5435	-94
5436	-94
5437	-94
5438	-94
5439	-94
5440	-94
5441	-94
5442	-94
5443	-94
5444	-94
5445	-94
5446	-94
5447	-94
5448	-94
5449	-94
5450	-94
5451	-94
5452	-94
5453	-94
5454	-94
5455	-94
5456	-94
5457	-94
5458	-94
5459	-94
5460	-94
5461	-94
5462	-94
5463	-94
5464	-94
5465	-94
5466	-94
5467	-94
5468	-94
5469	-94
5470	-94
5471	-94
5472	-94
5473	-94
5474	-94
5475	-94
5476	-94
5477	-94
5478	-94
5479	-94
5480	-94
5481	-94
5482	-94
5483	-94
5484	-94
5485	-94
5486	-94
5487	-94
5488	-94
5489	-94
5490	-94
5491	-94
5492	-94
5493	-94
5494	-94
5495	-94
5496	-94
5497	-94
5498	-94
5499	-94
5500	-94
5501	-94
5502	-94
5503	-94
5504	-94
5505	-94
5506	-94
5507	-94
5508	-94
5509	-94
5510	-94
5511	-94
5512	-94
5513	-94
5514	-94
5515	-94
5516	-94
5517	-94
5518	-94
5519	-94
5520	-94
5521	-94
5522	-94
5523	-94
5524	-94
5525	-94
5526	-94
5527	-94
5528	-94
5529	-94
5530	-94
5531	-94
5532	-94
5533	-94
5534	-94
5535	-94
5536	-94
5537	-94
5538	-94
5539	-94
5540	-94
5541	-94
5542	-94
5543	-94
5544	-94
5545	-94
5546	-94
5547	-94
5548	-94
5549	-94
5550	-94
5551	-94
5552	-94
5553	-94
5554	-94
5555	-94
5556	-94
5557	-94
5558	-94
5559	-94
5560	-94
5561	-94
5562	-94
5563	-94
5564	-94
5565	-94
5566	-94
5567	-94
5568	-94
5569	-94
5570	-94
5571	-94
5572	-94
5573	-94
5574	-94
5575	-94
5576	-94
5577	-94
5578	-94
5579	-94
5580	-94
5581	-94
5582	-94
5583	-94
5584	-94
5585	-94
5586	-94
5587	-94
5588	-94
5589	-94
5590	-94
5591	-94
5592	-94
5593	-94
5594	-94
5595	-94
5596	-94
5597	-94
5598	-94
5599	-94
5600	-94
5601	-94
5602	-94
5603	-94
5604	-94
5605	-94
5606	-94
5607	-94
5608	-94
5609	-94
5610	-94
5611	-94
5612	-94
5613	-94
5614	-94
5615	-94
5616	-94
5617	-94
5618	-94
5619	-94
5620	-94
5621	-94
5622	-94
5623	-94
5624	-94
5625	-94
5626	-94
5627	-94
5628	-94
5629	-94
5630	-94
5631	-94
5632	-94
5633	-94
5634	-94
5635	-94
5636	-94
5637	-94
5638	-94
5639	-94
5640	-94
5641	-94
5642	-94
5643	-94
5644	-94
5645	-94
5646	-94
5647	-94
5648	-94
5649	-94
5650	-94
5651	-94
5652	-94
5653	-94
5654	-94
5655	-94
5656	-94
5657	-94
5658	-94
5659	-94
5660	-94
5661	-94
5662	-94
5663	-94
5664	-94
5665	-94
5666	-94
5667	-94
5668	-94
5669	-94
5670	-94
5671	-94
5672	-94
5673	-94
5674	-94
5675	-94
5676	-94
5677	-94
5678	-94
5679	-94
5680	-94
5681	-94
5682	-94
5683	-94
5684	-94
5685	-94
5686	-94
5687	-94
5688	-94
5689	-94
5690	-94
5691	-94
5692	-94
5693	-94
5694	-94
5695	-94
5696	-94
5697	-94
5698	-94
5699	-94
5700	-94
5701	-94
5702	-94
5703	-94
5704	-94
5705	-94
5706	-94
5707	-94
5708	-94
5709	-94
5710	-94
5711	-94
5712	-94
5713	-94
5714	-94
5715	-94
5716	-94
5717	-94
5718	-94
5719	-94
5720	-94
5721	-94
5722	-94
5723	-94
5724	-94
5725	-94
5726	-94
5727	-94
5728	-94
5729	-94
5730	-94
5731	-94
5732	-94
5733	-94
5734	-94
5735	-94
5736	-94
5737	-94
5738	-94
5739	-94
5740	-94
5741	-94
5742	-94
5743	-94
5744	-94
5745	-94
5746	-94
5747	-94
5748	-94
5749	-94
5750	-94
5751	-94
5752	-94
5753	-94
5754	-94
5755	-94
5756	-94
5757	-94
5758	-94
5759	-94
5760	-94
5761	-94
5762	-94
5763	-94
5764	-94
5765	-94
5766	-94
5767	-94
5768	-94
5769	-94
5770	-94
5771	-94
5772	-94
5773	-94
5774	-94
5775	-94
5776	-94
5777	-94
5778	-94
5779	-94
5780	-94
5781	-94
5782	-94
5783	-94
5784	-94
5785	-94
5786	-94
5787	-94
5788	-94
5789	-94
5790	-94
5791	-94
5792	-94
5793	-94
5794	-94
5795	-94
5796	-94
5797	-94
5798	-94
5799	-94
5800	-94
5801	-94
5802	-94
5803	-94
5804	-94
5805	-94
5806	-94
5807	-94
5808	-94
5809	-94
5810	-94
5811	-94
5812	-94
5813	-94
5814	-94
5815	-94
5816	-94
5817	-94
5818	-94
5819	-94
5820	-94
5821	-94
5822	-94
5823	-94
5824	-94
5825	-94
5826	-94
5827	-94
5828	-94
5829	-94
5830	-94
5831	-94
5832	-94
5833	-94
5834	-94
5835	-94
5836	-94
5837	-94
5838	-94
5839	-94
5840	-94
5841	-94
5842	-94
5843	-94
5844	-94
5845	-94
5846	-94
5847	-94
5848	-94
5849	-94
5850	-94
5851	-94
5852	-94
5853	-94
5854	-94
5855	-94
5856	-94
5857	-94
5858	-94
5859	-94
5860	-94
5861	-94
5862	-94
5863	-94
5864	-94
5865	-94
5866	-94
5867	-94
5868	-94
5869	-94
5870	-94
5871	-94
5872	-94
5873	-94
5874	-94
5875	-94
5876	-94
5877	-94
5878	-94
5879	-94
5880	-94
5881	-94
5882	-94
5883	-94
5884	-94
5885	-94
5886	-94
5887	-94
5888	-94
5889	-94
5890	-94
5891	-94
5892	-94
5893	-94
5894	-94
5895	-94
5896	-94
5897	-94
5898	-94
5899	-94
5900	-94
5901	-94
5902	-94
5903	-94
5904	-94
5905	-94
5906	-94
5907	-94
5908	-94
5909	-94
5910	-94
5911	-94
5912	-94
5913	-94
5914	-94
5915	-94
5916	-94
5917	-94
5918	-94
5919	-94
5920	-94
5921	-94
5922	-94
5923	-94
5924	-94
5925	-94
5926	-94
5927	-94
5928	-94
5929	-94
5930	-94
5931	-94
5932	-94
5933	-94
5934	-94
5935	-94
5936	-94
5937	-94
5938	-94
5939	-94
5940	-94
5941	-94
5942	-94
5943	-94
5944	-94
5945	-94
5946	-94
5947	-94
5948	-94
5949	-94
5950	-94
5951	-94
5952	-94
5953	-94
5954	-94
5955	-94
5956	-94
5957	-94
5958	-94
5959	-94
5960	-94
5961	-94
5962	-94
5963	-94
5964	-94
5965	-94
5966	-94
5967	-94
5968	-94
5969	-94
5970	-94
5971	-94
5972	-94
5973	-94
5974	-94
5975	-94
5976	-94
5977	-94
5978	-94
5979	-94
5980	-94
5981	-94
5982	-94
5983	-94
5984	-94
5985	-94
5986	-94
5987	-94
5988	-94
5989	-94
5990	-94
5991	-94
5992	-94
5993	-94
5994	-94
5995	-94
5996	-94
5997	-94
5998	-94
5999	-94
6000	-94
6001	-94
6002	-94
6003	-94
6004	-94
6005	-94
6006	-94
6007	-94
6008	-94
6009	-94
6010	-94
6011	-94
6012	-94
6013	-94
6014	-94
6015	-94
6016	-94
6017	-94
6018	-94
6019	-94
6020	-94
6021	-94
6022	-94
6023	-94
6024	-94
6025	-94
6026	-94
6027	-94
6028	-94
6029	-94
6030	-94
6031	-94
6032	-94
6033	-94
6034	-94
6035	-94
6036	-94
6037	-94
6038	-94
6039	-94
6040	-94
6041	-94
6042	-94
6043	-94
6044	-94
6045	-94
6046	-94
6047	-94
6048	-94
6049	-94
6050	-94
6051	-94
6052	-94
6053	-94
6054	-94
6055	-94
6056	-94
6057	-94
6058	-94
6059	-94
6060	-94
6061	-94
6062	-94
6063	-94
6064	-94
6065	-94
6066	-94
6067	-94
6068	-94
6069	-94
6070	-94
6071	-94
6072	-94
6073	-94
6074	-94
6075	-94
6076	-94
6077	-94
6078	-94
6079	-94
6080	-94
6081	-94
6082	-94
6083	-94
6084	-94
6085	-94
6086	-94
6087	-94
6088	-94
6089	-94
6090	-94
6091	-94
6092	-94
6093	-94
6094	-94
6095	-94
6096	-94
6097	-94
6098	-94
6099	-94
6100	-94
6101	-94
6102	-94
6103	-94
6104	-94
6105	-94
6106	-94
6107	-94
6108	-94
6109	-94
6110	-94
6111	-94
6112	-94
6113	-94
6114	-94
6115	-94
6116	-94
6117	-94
6118	-94
6119	-94
6120	-94
6121	-94
6122	-94
6123	-94
6124	-94
6125	-94
6126	-94
6127	-94
6128	-94
6129	-94
6130	-94
6131	-94
6132	-94
6133	-94
6134	-94
6135	-94
6136	-94
6137	-94
6138	-94
6139	-94
6140	-94
6141	-94
6142	-94
6143	-94
6144	-94
6145	-94
6146	-94
6147	-94
6148	-94
6149	-94
6150	-94
6151	-94
6152	-94
6153	-94
6154	-94
6155	-94
6156	-94
6157	-94
6158	-94
6159	-94
6160	-94
6161	-94
6162	-94
6163	-94
6164	-94
6165	-94
6166	-94
6167	-94
6168	-94
6169	-94
6170	-94
6171	-94
6172	-94
6173	-94
6174	-94
6175	-94
6176	-94
6177	-94
6178	-94
6179	-94
6180	-94
6181	-94
6182	-94
6183	-94
6184	-94
6185	-94
6186	-94
6187	-94
6188	-94
6189	-94
6190	-94
6191	-94
6192	-94
6193	-94
6194	-94
6195	-94
6196	-94
6197	-94
6198	-94
6199	-94
6200	-94
6201	-94
6202	-94
6203	-94
6204	-94
6205	-94
6206	-94
6207	-94
6208	-94
6209	-94
6210	-94
6211	-94
6212	-94
6213	-94
6214	-94
6215	-94
6216	-94
6217	-94
6218	-94
6219	-94
6220	-94
6221	-94
6222	-94
6223	-94
6224	-94
6225	-94
6226	-94
6227	-94
6228	-94
6229	-94
6230	-94
6231	-94
6232	-94
6233	-94
6234	-94
6235	-94
6236	-94
6237	-94
6238	-94
6239	-94
6240	-94
6241	-94
6242	-94
6243	-94
6244	-94
6245	-94
6246	-94
6247	-94
6248	-94
6249	-94
6250	-94
6251	-94
6252	-94
6253	-94
6254	-94
6255	-94
6256	-94
6257	-94
6258	-94
6259	-94
6260	-94
6261	-94
6262	-94
6263	-94
6264	-94
6265	-94
6266	-94
6267	-94
6268	-94
6269	-94
6270	-94
6271	-94
6272	-94
6273	-94
6274	-94
6275	-94
6276	-94
6277	-94
6278	-94
6279	-94
6280	-94
6281	-94
6282	-94
6283	-94
6284	-94
6285	-94
6286	-94
6287	-94
6288	-94
6289	-94
6290	-94
6291	-94
6292	-94
6293	-94
6294	-94
6295	-94
6296	-94
6297	-94
6298	-94
6299	-94
6300	-94
6301	-94
6302	-94
6303	-94
6304	-94
6305	-94
6306	-94
6307	-94
6308	-94
6309	-94
6310	-94
6311	-94
6312	-94
6313	-94
6314	-94
6315	-94
6316	-94
6317	-94
6318	-94
6319	-94
6320	-94
6321	-94
6322	-94
6323	-94
6324	-94
6325	-94
6326	-94
6327	-94
6328	-94
6329	-94
6330	-94
6331	-94
6332	-94
6333	-94
6334	-94
6335	-94
6336	-94
6337	-94
6338	-94
6339	-94
6340	-94
6341	-94
6342	-94
6343	-94
6344	-94
6345	-94
6346	-94
6347	-94
6348	-94
6349	-94
6350	-94
6351	-94
6352	-94
6353	-94
6354	-94
6355	-94
6356	-94
6357	-94
6358	-94
6359	-94
6360	-94
6361	-94
6362	-94
6363	-94
6364	-94
6365	-94
6366	-94
6367	-94
6368	-94
6369	-94
6370	-94
6371	-94
6372	-94
6373	-94
6374	-94
6375	-94
6376	-94
6377	-94
6378	-94
6379	-94
6380	-94
6381	-94
6382	-94
6383	-94
6384	-94
6385	-94
6386	-94
6387	-94
6388	-94
6389	-94
6390	-94
6391	-94
6392	-94
6393	-94
6394	-94
6395	-94
6396	-94
6397	-94
6398	-94
6399	-94
6400	-94
6401	-94
6402	-94
6403	-94
6404	-94
6405	-94
6406	-94
6407	-94
6408	-94
6409	-94
6410	-94
6411	-94
6412	-94
6413	-94
6414	-94
6415	-94
6416	-94
6417	-94
6418	-94
6419	-94
6420	-94
6421	-94
6422	-94
6423	-94
6424	-94
6425	-94
6426	-94
6427	-94
6428	-94
6429	-94
6430	-94
6431	-94
6432	-94
6433	-94
6434	-94
6435	-94
6436	-94
6437	-94
6438	-94
6439	-94
6440	-94
6441	-94
6442	-94
6443	-94
6444	-94
6445	-94
6446	-94
6447	-94
6448	-94
6449	-94
6450	-94
6451	-94
6452	-94
6453	-94
6454	-94
6455	-94
6456	-94
6457	-94
6458	-94
6459	-94
6460	-94
6461	-94
6462	-94
6463	-94
6464	-94
6465	-94
6466	-94
6467	-94
6468	-94
6469	-94
6470	-94
6471	-94
6472	-94
6473	-94
6474	-94
6475	-94
6476	-94
6477	-94
6478	-94
6479	-94
6480	-94
6481	-94
6482	-94
6483	-94
6484	-94
6485	-94
6486	-94
6487	-94
6488	-94
6489	-94
6490	-94
6491	-94
6492	-94
6493	-94
6494	-94
6495	-94
6496	-94
6497	-94
6498	-94
6499	-94
6500	-94
6501	-94
6502	-94
6503	-94
6504	-94
6505	-94
6506	-94
6507	-94
6508	-94
6509	-94
6510	-94
6511	-94
6512	-94
6513	-94
6514	-94
6515	-94
6516	-94
6517	-94
6518	-94
6519	-94
6520	-94
6521	-94
6522	-94
6523	-94
6524	-94
6525	-94
6526	-94
6527	-94
6528	-94
6529	-94
6530	-94
6531	-94
6532	-94
6533	-94
6534	-94
6535	-94
6536	-94
6537	-94
6538	-94
6539	-94
6540	-94
6541	-94
6542	-94
6543	-94
6544	-94
6545	-94
6546	-94
6547	-94
6548	-94
6549	-94
6550	-94
6551	-94
6552	-94
6553	-94
6554	-94
6555	-94
6556	-94
6557	-94
6558	-94
6559	-94
6560	-94
6561	-94
6562	-94
6563	-94
6564	-94
6565	-94
6566	-94
6567	-94
6568	-94
6569	-94
6570	-94
6571	-94
6572	-94
6573	-94
6574	-94
6575	-94
6576	-94
6577	-94
6578	-94
6579	-94
6580	-94
6581	-94
6582	-94
6583	-94
6584	-94
6585	-94
6586	-94
6587	-94
6588	-94
6589	-94
6590	-94
6591	-94
6592	-94
6593	-94
6594	-94
6595	-94
6596	-94
6597	-94
6598	-94
6599	-94
6600	-94
6601	-94
6602	-94
6603	-94
6604	-94
6605	-94
6606	-94
6607	-94
6608	-94
6609	-94
6610	-94
6611	-94
6612	-94
6613	-94
6614	-94
6615	-94
6616	-94
6617	-94
6618	-94
6619	-94
6620	-94
6621	-94
6622	-94
6623	-94
6624	-94
6625	-94
6626	-94
6627	-94
6628	-94
6629	-94
6630	-94
6631	-94
6632	-94
6633	-94
6634	-94
6635	-94
6636	-94
6637	-94
6638	-94
6639	-94
6640	-94
6641	-94
6642	-94
6643	-94
6644	-94
6645	-94
6646	-94
6647	-94
6648	-94
6649	-94
6650	-94
6651	-94
6652	-94
6653	-94
6654	-94
6655	-94
6656	-94
6657	-94
6658	-94
6659	-94
6660	-94
6661	-94
6662	-94
6663	-94
6664	-94
6665	-94
6666	-94
6667	-94
6668	-94
6669	-94
6670	-94
6671	-94
6672	-94
6673	-94
6674	-94
6675	-94
6676	-94
6677	-94
6678	-94
6679	-94
6680	-94
6681	-94
6682	-94
6683	-94
6684	-94
6685	-94
6686	-94
6687	-94
6688	-94
6689	-94
6690	-94
6691	-94
6692	-94
6693	-94
6694	-94
6695	-94
6696	-94
6697	-94
6698	-94
6699	-94
6700	-94
6701	-94
6702	-94
6703	-94
6704	-94
6705	-94
6706	-94
6707	-94
6708	-94
6709	-94
6710	-94
6711	-94
6712	-94
6713	-94
6714	-94
6715	-94
6716	-94
6717	-94
6718	-94
6719	-94
6720	-94
6721	-94
6722	-94
6723	-94
6724	-94
6725	-94
6726	-94
6727	-94
6728	-94
6729	-94
6730	-94
6731	-94
6732	-94
6733	-94
6734	-94
6735	-94
6736	-94
6737	-94
6738	-94
6739	-94
6740	-94
6741	-94
6742	-94
6743	-94
6744	-94
6745	-94
6746	-94
6747	-94
6748	-94
6749	-94
6750	-94
6751	-94
6752	-94
6753	-94
6754	-94
6755	-94
6756	-94
6757	-94
6758	-94
6759	-94
6760	-94
6761	-94
6762	-94
6763	-94
6764	-94
6765	-94
6766	-94
6767	-94
6768	-94
6769	-94
6770	-94
6771	-94
6772	-94
6773	-94
6774	-94
6775	-94
6776	-94
6777	-94
6778	-94
6779	-94
6780	-94
6781	-94
6782	-94
6783	-94
6784	-94
6785	-94
6786	-94
6787	-94
6788	-94
6789	-94
6790	-94
6791	-94
6792	-94
6793	-94
6794	-94
6795	-94
6796	-94
6797	-94
6798	-94
6799	-94
6800	-94
6801	-94
6802	-94
6803	-94
6804	-94
6805	-94
6806	-94
6807	-94
6808	-94
6809	-94
6810	-94
6811	-94
6812	-94
6813	-94
6814	-94
6815	-94
6816	-94
6817	-94
6818	-94
6819	-94
6820	-94
6821	-94
6822	-94
6823	-94
6824	-94
6825	-94
6826	-94
6827	-94
6828	-94
6829	-94
6830	-94
6831	-94
6832	-94
6833	-94
6834	-94
6835	-94
6836	-94
6837	-94
6838	-94
6839	-94
6840	-94
6841	-94
6842	-94
6843	-94
6844	-94
6845	-94
6846	-94
6847	-94
6848	-94
6849	-94
6850	-94
6851	-94
6852	-94
6853	-94
6854	-94
6855	-94
6856	-94
6857	-94
6858	-94
6859	-94
6860	-94
6861	-94
6862	-94
6863	-94
6864	-94
6865	-94
6866	-94
6867	-94
6868	-94
6869	-94
6870	-94
6871	-94
6872	-94
6873	-94
6874	-94
6875	-94
6876	-94
6877	-94
6878	-94
6879	-94
6880	-94
6881	-94
6882	-94
6883	-94
6884	-94
6885	-94
6886	-94
6887	-94
6888	-94
6889	-94
6890	-94
6891	-94
6892	-94
6893	-94
6894	-94
6895	-94
6896	-94
6897	-94
6898	-94
6899	-94
6900	-94
6901	-94
6902	-94
6903	-94
6904	-94
6905	-94
6906	-94
6907	-94
6908	-94
6909	-94
6910	-94
6911	-94
6912	-94
6913	-94
6914	-94
6915	-94
6916	-94
6917	-94
6918	-94
6919	-94
6920	-94
6921	-94
6922	-94
6923	-94
6924	-94
6925	-94
6926	-94
6927	-94
6928	-94
6929	-94
6930	-94
6931	-94
6932	-94
6933	-94
6934	-94
6935	-94
6936	-94
6937	-94
6938	-94
6939	-94
6940	-94
6941	-94
6942	-94
6943	-94
6944	-94
6945	-94
6946	-94
6947	-94
6948	-94
6949	-94
6950	-94
6951	-94
6952	-94
6953	-94
6954	-94
6955	-94
6956	-94
6957	-94
6958	-94
6959	-94
6960	-94
6961	-94
6962	-94
6963	-94
6964	-94
6965	-94
6966	-94
6967	-94
6968	-94
6969	-94
6970	-94
6971	-94
6972	-94
6973	-94
6974	-94
6975	-94
6976	-94
6977	-94
6978	-94
6979	-94
6980	-94
6981	-94
6982	-94
6983	-94
6984	-94
6985	-94
6986	-94
6987	-94
6988	-94
6989	-94
6990	-94
6991	-94
6992	-94
6993	-94
6994	-94
6995	-94
6996	-94
6997	-94
6998	-94
6999	-94
7000	-94
7001	-94
7002	-94
7003	-94
7004	-94
7005	-94
7006	-94
7007	-94
7008	-94
7009	-94
7010	-94
7011	-94
7012	-94
7013	-94
7014	-94
7015	-94
7016	-94
7017	-94
7018	-94
7019	-94
7020	-94
7021	-94
7022	-94
7023	-94
7024	-94
7025	-94
7026	-94
7027	-94
7028	-94
7029	-94
7030	-94
7031	-94
7032	-94
7033	-94
7034	-94
7035	-94
7036	-94
7037	-94
7038	-94
7039	-94
7040	-94
7041	-94
7042	-94
7043	-94
7044	-94
7045	-94
7046	-94
7047	-94
7048	-94
7049	-94
7050	-94
7051	-94
7052	-94
7053	-94
7054	-94
7055	-94
7056	-94
7057	-94
7058	-94
7059	-94
7060	-94
7061	-94
7062	-94
7063	-94
7064	-94
7065	-94
7066	-94
7067	-94
7068	-94
7069	-94
7070	-94
7071	-94
7072	-94
7073	-94
7074	-94
7075	-94
7076	-94
7077	-94
7078	-94
7079	-94
7080	-94
7081	-94
7082	-94
7083	-94
7084	-94
7085	-94
7086	-94
7087	-94
7088	-94
7089	-94
7090	-94
7091	-94
7092	-94
7093	-94
7094	-94
7095	-94
7096	-94
7097	-94
7098	-94
7099	-94
7100	-94
7101	-94
7102	-94
7103	-94
7104	-94
7105	-94
7106	-94
7107	-94
7108	-94
7109	-94
7110	-94
7111	-94
7112	-94
7113	-94
7114	-94
7115	-94
7116	-94
7117	-94
7118	-94
7119	-94
7120	-94
7121	-94
7122	-94
7123	-94
7124	-94
7125	-94
7126	-94
7127	-94
7128	-94
7129	-94
7130	-94
7131	-94
7132	-94
7133	-94
7134	-94
7135	-94
7136	-94
7137	-94
7138	-94
7139	-94
7140	-94
7141	-94
7142	-94
7143	-94
7144	-94
7145	-94
7146	-94
7147	-94
7148	-94
7149	-94
7150	-94
7151	-94
7152	-94
7153	-94
7154	-94
7155	-94
7156	-94
7157	-94
7158	-94
7159	-94
7160	-94
7161	-94
7162	-94
7163	-94
7164	-94
7165	-94
7166	-94
7167	-94
7168	-94
7169	-94
7170	-94
7171	-94
7172	-94
7173	-94
7174	-94
7175	-94
7176	-94
7177	-94
7178	-94
7179	-94
7180	-94
7181	-94
7182	-94
7183	-94
7184	-94
7185	-94
7186	-94
7187	-94
7188	-94
7189	-94
7190	-94
7191	-94
7192	-94
7193	-94
7194	-94
7195	-94
7196	-94
7197	-94
7198	-94
7199	-94
7200	-94
7201	-94
7202	-94
7203	-94
7204	-94
7205	-94
7206	-94
7207	-94
7208	-94
7209	-94
7210	-94
7211	-94
7212	-94
7213	-94
7214	-94
7215	-94
7216	-94
7217	-94
7218	-94
7219	-94
7220	-94
7221	-94
7222	-94
7223	-94
7224	-94
7225	-94
7226	-94
7227	-94
7228	-94
7229	-94
7230	-94
7231	-94
7232	-94
7233	-94
7234	-94
7235	-94
7236	-94
7237	-94
7238	-94
7239	-94
7240	-94
7241	-94
7242	-94
7243	-94
7244	-94
7245	-94
7246	-94
7247	-94
7248	-94
7249	-94
7250	-94
7251	-94
7252	-94
7253	-94
7254	-94
7255	-94
7256	-94
7257	-94
7258	-94
7259	-94
7260	-94
7261	-94
7262	-94
7263	-94
7264	-94
7265	-94
7266	-94
7267	-94
7268	-94
7269	-94
7270	-94
7271	-94
7272	-94
7273	-94
7274	-94
7275	-94
7276	-94
7277	-94
7278	-94
7279	-94
7280	-94
7281	-94
7282	-94
7283	-94
7284	-94
7285	-94
7286	-94
7287	-94
7288	-94
7289	-94
7290	-94
7291	-94
7292	-94
7293	-94
7294	-94
7295	-94
7296	-94
7297	-94
7298	-94
7299	-94
7300	-94
7301	-94
7302	-94
7303	-94
7304	-94
7305	-94
7306	-94
7307	-94
7308	-94
7309	-94
7310	-94
7311	-94
7312	-94
7313	-94
7314	-94
7315	-94
7316	-94
7317	-94
7318	-94
7319	-94
7320	-94
7321	-94
7322	-94
7323	-94
7324	-94
7325	-94
7326	-94
7327	-94
7328	-94
7329	-94
7330	-94
7331	-94
7332	-94
7333	-94
7334	-94
7335	-94
7336	-94
7337	-94
7338	-94
7339	-94
7340	-94
7341	-94
7342	-94
7343	-94
7344	-94
7345	-94
7346	-94
7347	-94
7348	-94
7349	-94
7350	-94
7351	-94
7352	-94
7353	-94
7354	-94
7355	-94
7356	-94
7357	-94
7358	-94
7359	-94
7360	-94
7361	-94
7362	-94
7363	-94
7364	-94
7365	-94
7366	-94
7367	-94
7368	-94
7369	-94
7370	-94
7371	-94
7372	-94
7373	-94
7374	-94
7375	-94
7376	-94
7377	-94
7378	-94
7379	-94
7380	-94
7381	-94
7382	-94
7383	-94
7384	-94
7385	-94
7386	-94
7387	-94
7388	-94
7389	-94
7390	-94
7391	-94
7392	-94
7393	-94
7394	-94
7395	-94
7396	-94
7397	-94
7398	-94
7399	-94
7400	-94
7401	-94
7402	-94
7403	-94
7404	-94
7405	-94
7406	-94
7407	-94
7408	-94
7409	-94
7410	-94
7411	-94
7412	-94
7413	-94
7414	-94
7415	-94
7416	-94
7417	-94
7418	-94
7419	-94
7420	-94
7421	-94
7422	-94
7423	-94
7424	-94
7425	-94
7426	-94
7427	-94
7428	-94
7429	-94
7430	-94
7431	-94
7432	-94
7433	-94
7434	-94
7435	-94
7436	-94
7437	-94
7438	-94
7439	-94
7440	-94
7441	-94
7442	-94
7443	-94
7444	-94
7445	-94
7446	-94
7447	-94
7448	-94
7449	-94
7450	-94
7451	-94
7452	-94
7453	-94
7454	-94
7455	-94
7456	-94
7457	-94
7458	-94
7459	-94
7460	-94
7461	-94
7462	-94
7463	-94
7464	-94
7465	-94
7466	-94
7467	-94
7468	-94
7469	-94
7470	-94
7471	-94
7472	-94
7473	-94
7474	-94
7475	-94
7476	-94
7477	-94
7478	-94
7479	-94
7480	-94
7481	-94
7482	-94
7483	-94
7484	-94
7485	-94
7486	-94
7487	-94
7488	-94
7489	-94
7490	-94
7491	-94
7492	-94
7493	-94
7494	-94
7495	-94
7496	-94
7497	-94
7498	-94
7499	-94
7500	-94
7501	-94
7502	-94
7503	-94
7504	-94
7505	-94
7506	-94
7507	-94
7508	-94
7509	-94
7510	-94
7511	-94
7512	-94
7513	-94
7514	-94
7515	-94
7516	-94
7517	-94
7518	-94
7519	-94
7520	-94
7521	-94
7522	-94
7523	-94
7524	-94
7525	-94
7526	-94
7527	-94
7528	-94
7529	-94
7530	-94
7531	-94
7532	-94
7533	-94
7534	-94
7535	-94
7536	-94
7537	-94
7538	-94
7539	-94
7540	-94
7541	-94
7542	-94
7543	-94
7544	-94
7545	-94
7546	-94
7547	-94
7548	-94
7549	-94
7550	-94
7551	-94
7552	-94
7553	-94
7554	-94
7555	-94
7556	-94
7557	-94
7558	-94
7559	-94
7560	-94
7561	-94
7562	-94
7563	-94
7564	-94
7565	-94
7566	-94
7567	-94
7568	-94
7569	-94
7570	-94
7571	-94
7572	-94
7573	-94
7574	-94
7575	-94
7576	-94
7577	-94
7578	-94
7579	-94
7580	-94
7581	-94
7582	-94
7583	-94
7584	-94
7585	-94
7586	-94
7587	-94
7588	-94
7589	-94
7590	-94
7591	-94
7592	-94
7593	-94
7594	-94
7595	-94
7596	-94
7597	-94
7598	-94
7599	-94
7600	-94
7601	-94
7602	-94
7603	-94
7604	-94
7605	-94
7606	-94
7607	-94
7608	-94
7609	-94
7610	-94
7611	-94
7612	-94
7613	-94
7614	-94
7615	-94
7616	-94
7617	-94
7618	-94
7619	-94
7620	-94
7621	-94
7622	-94
7623	-94
7624	-94
7625	-94
7626	-94
7627	-94
7628	-94
7629	-94
7630	-94
7631	-94
7632	-94
7633	-94
7634	-94
7635	-94
7636	-94
7637	-94
7638	-94
7639	-94
7640	-94
7641	-94
7642	-94
7643	-94
7644	-94
7645	-94
7646	-94
7647	-94
7648	-94
7649	-94
7650	-94
7651	-94
7652	-94
7653	-94
7654	-94
7655	-94
7656	-94
7657	-94
7658	-94
7659	-94
7660	-94
7661	-94
7662	-94
7663	-94
7664	-94
7665	-94
7666	-94
7667	-94
7668	-94
7669	-94
7670	-94
7671	-94
7672	-94
7673	-94
7674	-94
7675	-94
7676	-94
7677	-94
7678	-94
7679	-94
7680	-94
7681	-94
7682	-94
7683	-94
7684	-94
7685	-94
7686	-94
7687	-94
7688	-94
7689	-94
7690	-94
7691	-94
7692	-94
7693	-94
7694	-94
7695	-94
7696	-94
7697	-94
7698	-94
7699	-94
7700	-94
7701	-94
7702	-94
7703	-94
7704	-94
7705	-94
7706	-94
7707	-94
7708	-94
7709	-94
7710	-94
7711	-94
7712	-94
7713	-94
7714	-94
7715	-94
7716	-94
7717	-94
7718	-94
7719	-94
7720	-94
7721	-94
7722	-94
7723	-94
7724	-94
7725	-94
7726	-94
7727	-94
7728	-94
7729	-94
7730	-94
7731	-94
7732	-94
7733	-94
7734	-94
7735	-95
7736	-95
7737	-95
7738	-96
7739	-96
7740	-96
7741	-96
7742	-96
7743	-97
7744	-98
7745	-99
7746	-99
7747	-99
7748	-99
7749	-99
7750	-99
7751	-99
7752	-99
7753	-99
7754	-99
7755	-99
7756	-100
7757	-101
7758	-101
7759	-101
7760	-101
7761	-101
7762	-101
7763	-101
7764	-101
7765	-101
7766	-101
7767	-101
7768	-101
7769	-101
7770	-101
7771	-101
7772	-102
7773	-103
7774	-103
7775	-103
7776	-104
7777	-104
7778	-104
7779	-105
7780	-105
7781	-105
7782	-105
7783	-105
7784	-105
7785	-105
7786	-105
7787	-105
7788	-105
7789	-105
7790	-105
7791	-105
7792	-106
7793	-106
7794	-106
7795	-107
7796	-108
7797	-109
7798	-110
7799	-111
7800	-112
7801	-113
7802	-114
7803	-114
7804	-114
7805	-115
7806	-115
7807	-115
7808	-115
7809	-115
7810	-115
7811	-115
7812	-115
7813	-115
7814	-115
7815	-115
7816	-115
7817	-115
7818	-115
7819	-115
7820	-115
7821	-115
7822	-115
7823	-115
7824	-115
7825	-115
7826	-115
7827	-115
7828	-115
7829	-115
7830	-115
7831	-115
7832	-115
7833	-115
7834	-115
7835	-115
7836	-115
7837	-115
7838	-115
7839	-115
7840	-115
7841	-115
7842	-115
7843	-115
7844	-115
7845	-115
7846	-115
7847	-115
7848	-115
7849	-115
7850	-115
7851	-115
7852	-115
7853	-115
7854	-115
7855	-115
7856	-115
7857	-115
7858	-115
7859	-115
7860	-115
7861	-115
7862	-115
7863	-115
7864	-115
7865	-115
7866	-115
7867	-115
7868	-115
7869	-115
7870	-115
7871	-115
7872	-115
7873	-115
7874	-115
7875	-115
7876	-115
7877	-115
7878	-115
7879	-115
7880	-115
7881	-115
7882	-115
7883	-115
7884	-115
7885	-115
7886	-116
7887	-117
7888	-118
7889	-118
7890	-118
7891	-118
7892	-118
7893	-118
7894	-118
7895	-118
7896	-118
7897	-118
7898	-118
7899	-118
7900	-118
7901	-118
7902	-118
7903	-118
7904	-118
7905	-118
7906	-118
7907	-118
7908	-118
7909	-118
7910	-118
7911	-118
7912	-118
7913	-118
7914	-118
7915	-118
7916	-118
7917	-118
7918	-118
7919	-118
7920	-118
7921	-118
7922	-118
7923	-118
7924	-118
7925	-118
7926	-118
7927	-119
7928	-120
7929	-120
7930	-120
7931	-120
7932	-120
7933	-120
7934	-120
7935	-120
7936	-120
7937	-120
7938	-120
7939	-120
7940	-120
7941	-120
7942	-120
7943	-120
7944	-120
7945	-120
7946	-120
7947	-120
7948	-120
7949	-120
7950	-120
7951	-120
7952	-120
7953	-120
7954	-120
7955	-120
7956	-120
7957	-120
7958	-120
7959	-120
7960	-120
7961	-120
7962	-120
7963	-120
7964	-120
7965	-120
7966	-120
7967	-120
7968	-120
7969	-120
7970	-120
7971	-120
7972	-120
7973	-120
7974	-120
7975	-120
7976	-120
7977	-120
7978	-120
7979	-120
7980	-120
7981	-120
7982	-120
7983	-120
7984	-120
7985	-120
7986	-120
7987	-120
7988	-120
7989	-120
7990	-120
7991	-120
7992	-120
7993	-120
7994	-120
7995	-120
7996	-120
7997	-120
7998	-120
7999	-120
8000	-120
8001	-120
8002	-120
8003	-120
8004	-120
8005	-120
8006	-120
8007	-120
8008	-120
8009	-120
8010	-120
8011	-120
8012	-120
8013	-120
8014	-120
8015	-120
8016	-120
8017	-120
8018	-120
8019	-120
8020	-120
8021	-120
8022	-120
8023	-120
8024	-120
8025	-120
8026	-120
8027	-120
8028	-120
8029	-120
8030	-120
8031	-120
8032	-120
8033	-120
8034	-120
8035	-120
8036	-120
8037	-120
8038	-120
8039	-120
8040	-120
8041	-120
8042	-120
8043	-120
8044	-120
8045	-120
8046	-120
8047	-120
8048	-120
8049	-120
8050	-120
8051	-120
8052	-120
8053	-120
8054	-120
8055	-120
8056	-120
8057	-120
8058	-120
8059	-120
8060	-120
8061	-120
8062	-120
8063	-120
8064	-120
8065	-120
8066	-120
8067	-120
8068	-120
8069	-120
8070	-120
8071	-120
8072	-120
8073	-120
8074	-120
8075	-120
8076	-120
8077	-120
8078	-120
8079	-120
8080	-120
8081	-120
8082	-120
8083	-120
8084	-120
8085	-120
8086	-120
8087	-120
8088	-120
8089	-120
8090	-120
8091	-120
8092	-120
8093	-120
8094	-120
8095	-120
8096	-120
8097	-120
8098	-120
8099	-120
8100	-120
8101	-120
8102	-120
8103	-120
8104	-120
8105	-120
8106	-120
8107	-120
8108	-120
8109	-120
8110	-120
8111	-120
8112	-120
8113	-120
8114	-120
8115	-120
8116	-120
8117	-120
8118	-120
8119	-120
8120	-120
8121	-120
8122	-120
8123	-120
8124	-120
8125	-120
8126	-120
8127	-120
8128	-120
8129	-120
8130	-120
8131	-120
8132	-120
8133	-120
8134	-120
8135	-120
8136	-120
8137	-120
8138	-120
8139	-120
8140	-120
8141	-120
8142	-120
8143	-120
8144	-120
8145	-120
8146	-120
8147	-120
8148	-120
8149	-120
8150	-120
8151	-120
8152	-120
8153	-120
8154	-120
8155	-120
8156	-120
8157	-120
8158	-120
8159	-120
8160	-120
8161	-120
8162	-120
8163	-120
8164	-120
8165	-120
8166	-120
8167	-120
8168	-120
8169	-120
8170	-120
8171	-120
8172	-120
8173	-120
8174	-120
8175	-120
8176	-120
8177	-120
8178	-120
8179	-120
8180	-120
8181	-120
8182	-120
8183	-120
8184	-120
8185	-120
8186	-120
8187	-120
8188	-120
8189	-121
8190	-122
8191	-122
8192	-122
8193	-122
8194	-122
8195	-123
8196	-123
8197	-123
8198	-123
8199	-123
8200	-123
8201	-123
8202	-123
8203	-123
8204	-123
8205	-123
8206	-123
8207	-123
8208	-123
8209	-123
8210	-123
8211	-123
8212	-123
8213	-123
8214	-123
8215	-123
8216	-123
8217	-123
8218	-123
8219	-123
8220	-123
8221	-123
8222	-123
8223	-123
8224	-123
8225	-123
8226	-123
8227	-123
8228	-123
8229	-123
8230	-123
8231	-123
8232	-124
8233	-125
8234	-125
8235	-125
8236	-125
8237	-125
8238	-125
8239	-125
8240	-125
8241	-125
8242	-125
8243	-125
8244	-125
8245	-125
8246	-125
8247	-125
8248	-125
8249	-125
8250	-125
8251	-125
8252	-125
8253	-125
8254	-125
8255	-125
8256	-125
8257	-125
8258	-125
8259	-125
8260	-125
8261	-125
8262	-125
8263	-125
8264	-125
8265	-125
8266	-125
8267	-125
8268	-125
8269	-125
8270	-125
8271	-125
8272	-125
8273	-125
8274	-126
8275	-126
8276	-126
8277	-126
8278	-126
8279	-126
8280	-126
8281	-126
8282	-126
8283	-126
8284	-126
8285	-127
8286	-127
8287	-127
8288	-127
8289	-127
8290	-127
8291	-127
8292	-127
8293	-127
8294	-127
8295	-127
8296	-127
8297	-127
8298	-127
8299	-127
8300	-127
8301	-127
8302	-128
8303	-128
8304	-128
8305	-128
8306	-128
8307	-128
8308	-128
8309	-128
8310	-128
8311	-129
8312	-130
8313	-130
8314	-130
8315	-130
8316	-130
8317	-130
8318	-130
8319	-130
8320	-130
8321	-130
8322	-130
8323	-130
8324	-130
8325	-130
8326	-130
8327	-130
8328	-130
8329	-131
8330	-131
8331	-131
8332	-131
8333	-131
8334	-131
8335	-131
8336	-131
8337	-131
8338	-131
8339	-131
8340	-131
8341	-131
8342	-131
8343	-131
8344	-131
8345	-131
8346	-131
8347	-131
8348	-131
8349	-131
8350	-131
8351	-131
8352	-131
8353	-131
8354	-131
8355	-131
8356	-131
8357	-131
8358	-131
8359	-131
8360	-131
8361	-131
8362	-131
8363	-131
8364	-131
8365	-131
8366	-131
8367	-131
8368	-131
8369	-131
8370	-131
8371	-131
8372	-131
8373	-131
8374	-131
8375	-131
8376	-131
8377	-131
8378	-131
8379	-131
8380	-131
8381	-131
8382	-131
8383	-131
8384	-131
8385	-131
8386	-131
8387	-131
8388	-131
8389	-131
8390	-131
8391	-131
8392	-131
8393	-131
8394	-131
8395	-131
8396	-131
8397	-131
8398	-131
8399	-131
8400	-131
8401	-131
8402	-131
8403	-131
8404	-131
8405	-131
8406	-131
8407	-131
8408	-131
8409	-131
8410	-131
8411	-131
8412	-131
8413	-131
8414	-131
8415	-131
8416	-131
8417	-131
8418	-131
8419	-131
8420	-131
8421	-131
8422	-131
8423	-131
8424	-131
8425	-131
8426	-131
8427	-131
8428	-131
8429	-131
8430	-131
8431	-131
8432	-131
8433	-131
8434	-131
8435	-131
8436	-131
8437	-131
8438	-131
8439	-131
8440	-131
8441	-131
8442	-131
8443	-131
8444	-131
8445	-131
8446	-131
8447	-131
8448	-131
8449	-131
8450	-131
8451	-131
8452	-131
8453	-131
8454	-131
8455	-131
8456	-131
8457	-131
8458	-131
8459	-131
8460	-131
8461	-131
8462	-131
8463	-131
8464	-131
8465	-131
8466	-131
8467	-131
8468	-131
8469	-131
8470	-131
8471	-131
8472	-131
8473	-131
8474	-131
8475	-131
8476	-131
8477	-131
8478	-131
8479	-131
8480	-131
8481	-131
8482	-131
8483	-131
8484	-131
8485	-131
8486	-131
8487	-131
8488	-131
8489	-131
8490	-131
8491	-131
8492	-131
8493	-131
8494	-131
8495	-131
8496	-131
8497	-131
8498	-131
8499	-131
8500	-131
8501	-131
8502	-131
8503	-131
8504	-131
8505	-131
8506	-131
8507	-131
8508	-131
8509	-131
8510	-131
8511	-131
8512	-131
8513	-131
8514	-131
8515	-131
8516	-131
8517	-131
8518	-131
8519	-131
8520	-131
8521	-131
8522	-131
8523	-131
8524	-131
8525	-131
8526	-131
8527	-131
8528	-131
8529	-131
8530	-131
8531	-131
8532	-131
8533	-131
8534	-131
8535	-131
8536	-131
8537	-131
8538	-131
8539	-131
8540	-131
8541	-131
8542	-131
8543	-131
8544	-131
8545	-131
8546	-131
8547	-131
8548	-131
8549	-131
8550	-131
8551	-131
8552	-131
8553	-131
8554	-131
8555	-131
8556	-131
8557	-131
8558	-131
8559	-131
8560	-131
8561	-131
8562	-131
8563	-131
8564	-131
8565	-131
8566	-131
8567	-131
8568	-131
8569	-131
8570	-131
8571	-131
8572	-131
8573	-131
8574	-131
8575	-131
8576	-131
8577	-131
8578	-131
8579	-131
8580	-131
8581	-131
8582	-131
8583	-131
8584	-131
8585	-131
8586	-131
8587	-131
8588	-131
8589	-131
8590	-131
8591	-131
8592	-131
8593	-131
8594	-131
8595	-131
8596	-131
8597	-131
8598	-131
8599	-131
8600	-131
8601	-131
8602	-131
8603	-131
8604	-131
8605	-131
8606	-131
8607	-131
8608	-131
8609	-131
8610	-131
8611	-131
8612	-131
8613	-131
8614	-131
8615	-131
8616	-131
8617	-131
8618	-132
8619	-132
8620	-132
8621	-132
8622	-132
8623	-132
8624	-132
8625	-132
8626	-132
8627	-132
8628	-132
8629	-132
8630	-132
8631	-132
8632	-132
8633	-132
8634	-132
8635	-132
8636	-132
8637	-132
8638	-132
8639	-132
8640	-132
8641	-132
8642	-132
8643	-132
8644	-132
8645	-132
8646	-132
8647	-132
8648	-132
8649	-132
8650	-132
8651	-132
8652	-132
8653	-132
8654	-132
8655	-132
8656	-132
8657	-132
8658	-132
8659	-132
8660	-132
8661	-132
8662	-132
8663	-132
8664	-132
8665	-132
8666	-132
8667	-132
8668	-132
8669	-132
8670	-132
8671	-132
8672	-132
8673	-132
8674	-132
8675	-132
8676	-132
8677	-132
8678	-132
8679	-132
8680	-132
8681	-132
8682	-132
8683	-132
8684	-132
8685	-132
8686	-132
8687	-132
8688	-132
8689	-132
8690	-132
8691	-132
8692	-132
8693	-132
8694	-132
8695	-132
8696	-132
8697	-132
8698	-132
8699	-132
8700	-132
8701	-132
8702	-132
8703	-132
8704	-132
8705	-132
8706	-132
8707	-133
8708	-134
8709	-135
8710	-135
8711	-135
8712	-135
8713	-135
8714	-136
8715	-137
8716	-137
8717	-137
8718	-138
8719	-138
8720	-138
8721	-138
8722	-138
8723	-139
8724	-140
8725	-141
8726	-142
8727	-143
8728	-144
8729	-144
8730	-144
8731	-144
8732	-144
8733	-144
8734	-144
8735	-144
8736	-144
8737	-144
8738	-144
8739	-145
8740	-146
8741	-147
8742	-147
8743	-147
8744	-148
8745	-149
8746	-150
8747	-151
8748	-151
8749	-151
8750	-151
8751	-151
8752	-151
8753	-151
8754	-151
8755	-151
8756	-151
8757	-151
8758	-151
8759	-151
8760	-151
8761	-151
8762	-151
8763	-151
8764	-151
8765	-151
8766	-151
8767	-151
8768	-151
8769	-151
8770	-151
8771	-151
8772	-151
8773	-151
8774	-151
8775	-151
8776	-151
8777	-151
8778	-151
8779	-151
8780	-151
8781	-151
8782	-151
8783	-151
8784	-151
8785	-151
8786	-151
8787	-151
8788	-151
8789	-151
8790	-151
8791	-151
8792	-151
8793	-151
8794	-151
8795	-151
8796	-151
8797	-151
8798	-151
8799	-151
8800	-151
8801	-151
8802	-151
8803	-151
8804	-151
8805	-151
8806	-151
8807	-151
8808	-151
8809	-151
8810	-151
8811	-151
8812	-151
8813	-151
8814	-151
8815	-151
8816	-151
8817	-151
8818	-151
8819	-151
8820	-151
8821	-151
8822	-151
8823	-151
8824	-151
8825	-151
8826	-151
8827	-151
8828	-151
8829	-151
8830	-151
8831	-151
8832	-151
8833	-151
8834	-151
8835	-151
8836	-151
8837	-151
8838	-151
8839	-151
8840	-151
8841	-151
8842	-151
8843	-151
8844	-151
8845	-151
8846	-151
8847	-151
8848	-151
8849	-151
8850	-151
8851	-151
8852	-151
8853	-151
8854	-151
8855	-151
8856	-151
8857	-151
8858	-151
8859	-151
8860	-151
8861	-151
8862	-151
8863	-151
8864	-151
8865	-151
8866	-151
8867	-151
8868	-151
8869	-151
8870	-151
8871	-151
8872	-151
8873	-151
8874	-151
8875	-151
8876	-151
8877	-151
8878	-151
8879	-151
8880	-151
8881	-151
8882	-151
8883	-151
8884	-151
8885	-151
8886	-151
8887	-151
8888	-151
8889	-151
8890	-151
8891	-151
8892	-151
8893	-151
8894	-151
8895	-151
8896	-151
8897	-151
8898	-151
8899	-151
8900	-151
8901	-151
8902	-151
8903	-151
8904	-151
8905	-151
8906	-151
8907	-151
8908	-151
8909	-151
8910	-151
8911	-151
8912	-151
8913	-151
8914	-151
8915	-151
8916	-151
8917	-151
8918	-151
8919	-151
8920	-151
8921	-151
8922	-151
8923	-151
8924	-151
8925	-151
8926	-151
8927	-151
8928	-151
8929	-151
8930	-151
8931	-151
8932	-151
8933	-151
8934	-151
8935	-151
8936	-151
8937	-151
8938	-151
8939	-151
8940	-151
8941	-151
8942	-151
8943	-151
8944	-151
8945	-151
8946	-151
8947	-151
8948	-151
8949	-151
8950	-151
8951	-151
8952	-151
8953	-151
8954	-151
8955	-151
8956	-151
8957	-151
8958	-151
8959	-151
8960	-151
8961	-151
8962	-151
8963	-151
8964	-151
8965	-151
8966	-151
8967	-151
8968	-151
8969	-151
8970	-151
8971	-151
8972	-151
8973	-151
8974	-151
8975	-151
8976	-151
8977	-151
8978	-151
8979	-151
8980	-151
8981	-151
8982	-151
8983	-151
8984	-151
8985	-151
8986	-151
8987	-151
8988	-151
8989	-151
8990	-151
8991	-151
8992	-151
8993	-151
8994	-151
8995	-151
8996	-151
8997	-151
8998	-151
8999	-151
9000	-151
9001	-151
9002	-151
9003	-151
9004	-151
9005	-151
9006	-151
9007	-151
9008	-151
9009	-151
9010	-151
9011	-151
9012	-151
9013	-151
9014	-151
9015	-151
9016	-151
9017	-151
9018	-151
9019	-151
9020	-151
9021	-151
9022	-151
9023	-151
9024	-151
9025	-151
9026	-151
9027	-151
9028	-151
9029	-151
9030	-151
9031	-151
9032	-151
9033	-151
9034	-151
9035	-151
9036	-151
9037	-151
9038	-151
9039	-151
9040	-151
9041	-151
9042	-151
9043	-151
9044	-151
9045	-151
9046	-151
9047	-151
9048	-151
9049	-151
9050	-151
9051	-151
9052	-151
9053	-151
9054	-151
9055	-151
9056	-151
9057	-151
9058	-151
9059	-151
9060	-151
9061	-151
9062	-151
9063	-151
9064	-151
9065	-151
9066	-151
9067	-151
9068	-151
9069	-151
9070	-151
9071	-151
9072	-151
9073	-151
9074	-151
9075	-151
9076	-151
9077	-151
9078	-151
9079	-151
9080	-151
9081	-151
9082	-151
9083	-151
9084	-151
9085	-151
9086	-151
9087	-151
9088	-151
9089	-151
9090	-151
9091	-151
9092	-151
9093	-151
9094	-151
9095	-151
9096	-151
9097	-151
9098	-151
9099	-151
9100	-151
9101	-151
9102	-151
9103	-151
9104	-151
9105	-151
9106	-151
9107	-151
9108	-151
9109	-151
9110	-151
9111	-151
9112	-151
9113	-151
9114	-151
9115	-151
9116	-151
9117	-151
9118	-151
9119	-151
9120	-151
9121	-151
9122	-151
9123	-151
9124	-151
9125	-151
9126	-151
9127	-151
9128	-151
9129	-151
9130	-151
9131	-151
9132	-151
9133	-151
9134	-151
9135	-151
9136	-151
9137	-151
9138	-151
9139	-151
9140	-151
9141	-151
9142	-151
9143	-151
9144	-151
9145	-151
9146	-151
9147	-151
9148	-151
9149	-151
9150	-151
9151	-151
9152	-151
9153	-151
9154	-151
9155	-151
9156	-151
9157	-151
9158	-151
9159	-151
9160	-151
9161	-151
9162	-151
9163	-151
9164	-151
9165	-151
9166	-151
9167	-151
9168	-151
9169	-151
9170	-151
9171	-151
9172	-151
9173	-151
9174	-151
9175	-151
9176	-151
9177	-151
9178	-151
9179	-151
9180	-151
9181	-151
9182	-151
9183	-151
9184	-151
9185	-151
9186	-151
9187	-151
9188	-151
9189	-151
9190	-151
9191	-151
9192	-151
9193	-151
9194	-151
9195	-151
9196	-151
9197	-151
9198	-151
9199	-151
9200	-151
9201	-151
9202	-151
9203	-151
9204	-151
9205	-151
9206	-151
9207	-151
9208	-151
9209	-151
9210	-151
9211	-151
9212	-151
9213	-151
9214	-151
9215	-151
9216	-151
9217	-151
9218	-151
9219	-151
9220	-151
9221	-151
9222	-151
9223	-151
9224	-151
9225	-151
9226	-151
9227	-151
9228	-151
9229	-151
9230	-151
9231	-151
9232	-151
9233	-151
9234	-151
9235	-151
9236	-151
9237	-151
9238	-151
9239	-151
9240	-151
9241	-151
9242	-151
9243	-151
9244	-151
9245	-151
9246	-151
9247	-151
9248	-151
9249	-151
9250	-151
9251	-151
9252	-151
9253	-151
9254	-151
9255	-151
9256	-151
9257	-151
9258	-151
9259	-151
9260	-151
9261	-151
9262	-151
9263	-151
9264	-151
9265	-151
9266	-151
9267	-151
9268	-151
9269	-151
9270	-151
9271	-151
9272	-151
9273	-151
9274	-151
9275	-151
9276	-151
9277	-151
9278	-151
9279	-151
9280	-151
9281	-151
9282	-151
9283	-151
9284	-151
9285	-151
9286	-151
9287	-151
9288	-151
9289	-151
9290	-151
9291	-151
9292	-151
9293	-151
9294	-151
9295	-151
9296	-151
9297	-151
9298	-151
9299	-151
9300	-151
9301	-151
9302	-151
9303	-151
9304	-151
9305	-151
9306	-151
9307	-151
9308	-151
9309	-151
9310	-151
9311	-151
9312	-151
9313	-151
9314	-151
9315	-151
9316	-151
9317	-151
9318	-151
9319	-151
9320	-151
9321	-151
9322	-151
9323	-151
9324	-151
9325	-151
9326	-151
9327	-151
9328	-151
9329	-151
9330	-151
9331	-151
9332	-151
9333	-151
9334	-151
9335	-151
9336	-151
9337	-151
9338	-151
9339	-151
9340	-151
9341	-151
9342	-151
9343	-151
9344	-151
9345	-151
9346	-151
9347	-151
9348	-151
9349	-151
9350	-151
9351	-151
9352	-151
9353	-151
9354	-151
9355	-151
9356	-151
9357	-151
9358	-151
9359	-151
9360	-151
9361	-151
9362	-151
9363	-151
9364	-151
9365	-151
9366	-151
9367	-151
9368	-151
9369	-151
9370	-151
9371	-151
9372	-151
9373	-151
9374	-151
9375	-151
9376	-151
9377	-151
9378	-151
9379	-151
9380	-151
9381	-151
9382	-151
9383	-151
9384	-151
9385	-151
9386	-151
9387	-151
9388	-151
9389	-151
9390	-151
9391	-151
9392	-151
9393	-151
9394	-151
9395	-151
9396	-151
9397	-151
9398	-151
9399	-151
9400	-151
9401	-151
9402	-151
9403	-151
9404	-151
9405	-151
9406	-151
9407	-151
9408	-151
9409	-151
9410	-151
9411	-151
9412	-151
9413	-151
9414	-151
9415	-151
9416	-151
9417	-151
9418	-151
9419	-151
9420	-151
9421	-151
9422	-151
9423	-151
9424	-151
9425	-151
9426	-151
9427	-151
9428	-151
9429	-151
9430	-151
9431	-151
9432	-151
9433	-151
9434	-151
9435	-151
9436	-151
9437	-151
9438	-151
9439	-151
9440	-151
9441	-151
9442	-151
9443	-151
9444	-151
9445	-151
9446	-151
9447	-151
9448	-151
9449	-151
9450	-151
9451	-151
9452	-151
9453	-151
9454	-151
9455	-151
9456	-151
9457	-151
9458	-151
9459	-151
9460	-151
9461	-151
9462	-151
9463	-151
9464	-151
9465	-151
9466	-151
9467	-151
9468	-151
9469	-151
9470	-151
9471	-151
9472	-151
9473	-151
9474	-151
9475	-151
9476	-151
9477	-151
9478	-151
9479	-151
9480	-151
9481	-151
9482	-151
9483	-151
9484	-151
9485	-151
9486	-151
9487	-151
9488	-151
9489	-151
9490	-151
9491	-151
9492	-151
9493	-151
9494	-151
9495	-151
9496	-151
9497	-151
9498	-151
9499	-151
9500	-151
9501	-151
9502	-151
9503	-151
9504	-151
9505	-151
9506	-151
9507	-151
9508	-151
9509	-151
9510	-151
9511	-151
9512	-151
9513	-151
9514	-151
9515	-151
9516	-151
9517	-151
9518	-151
9519	-151
9520	-151
9521	-151
9522	-151
9523	-151
9524	-151
9525	-151
9526	-151
9527	-151
9528	-151
9529	-151
9530	-151
9531	-151
9532	-151
9533	-151
9534	-151
9535	-151
9536	-151
9537	-151
9538	-151
9539	-151
9540	-151
9541	-151
9542	-151
9543	-151
9544	-151
9545	-151
9546	-151
9547	-151
9548	-151
9549	-151
9550	-151
9551	-151
9552	-151
9553	-151
9554	-151
9555	-151
9556	-151
9557	-151
9558	-151
9559	-151
9560	-151
9561	-151
9562	-151
9563	-151
9564	-151
9565	-151
9566	-151
9567	-151
9568	-151
9569	-151
9570	-151
9571	-151
9572	-151
9573	-151
9574	-151
9575	-151
9576	-151
9577	-151
9578	-151
9579	-151
9580	-151
9581	-151
9582	-151
9583	-151
9584	-151
9585	-151
9586	-151
9587	-151
9588	-151
9589	-151
9590	-151
9591	-151
9592	-151
9593	-151
9594	-151
9595	-151
9596	-151
9597	-151
9598	-151
9599	-151
9600	-151
9601	-151
9602	-151
9603	-151
9604	-151
9605	-151
9606	-151
9607	-151
9608	-151
9609	-151
9610	-151
9611	-151
9612	-151
9613	-151
9614	-151
9615	-151
9616	-151
9617	-151
9618	-151
9619	-151
9620	-151
9621	-151
9622	-151
9623	-151
9624	-151
9625	-151
9626	-151
9627	-151
9628	-151
9629	-151
9630	-151
9631	-151
9632	-151
9633	-151
9634	-151
9635	-151
9636	-151
9637	-151
9638	-151
9639	-151
9640	-151
9641	-151
9642	-151
9643	-151
9644	-151
9645	-151
9646	-151
9647	-151
9648	-151
9649	-151
9650	-151
9651	-151
9652	-151
9653	-151
9654	-151
9655	-151
9656	-151
9657	-151
9658	-151
9659	-151
9660	-151
9661	-151
9662	-151
9663	-151
9664	-151
9665	-151
9666	-151
9667	-151
9668	-151
9669	-151
9670	-151
9671	-151
9672	-151
9673	-151
9674	-151
9675	-151
9676	-151
9677	-151
9678	-151
9679	-151
9680	-151
9681	-151
9682	-151
9683	-151
9684	-151
9685	-151
9686	-151
9687	-151
9688	-151
9689	-151
9690	-151
9691	-151
9692	-151
9693	-151
9694	-151
9695	-151
9696	-151
9697	-151
9698	-151
9699	-151
9700	-151
9701	-151
9702	-151
9703	-151
9704	-151
9705	-151
9706	-151
9707	-151
9708	-151
9709	-151
9710	-151
9711	-151
9712	-151
9713	-151
9714	-151
9715	-151
9716	-151
9717	-151
9718	-151
9719	-151
9720	-151
9721	-151
9722	-151
9723	-151
9724	-151
9725	-151
9726	-151
9727	-151
9728	-151
9729	-151
9730	-151
9731	-151
9732	-151
9733	-151
9734	-151
9735	-151
9736	-151
9737	-151
9738	-151
9739	-151
9740	-151
9741	-151
9742	-151
9743	-151
9744	-151
9745	-151
9746	-151
9747	-151
9748	-151
9749	-151
9750	-151
9751	-151
9752	-151
9753	-151
9754	-151
9755	-151
9756	-151
9757	-151
9758	-151
9759	-151
9760	-151
9761	-151
9762	-151
9763	-151
9764	-151
9765	-151
9766	-151
9767	-151
9768	-151
9769	-151
9770	-151
9771	-151
9772	-151
9773	-151
9774	-151
9775	-151
9776	-151
9777	-151
9778	-151
9779	-151
9780	-151
9781	-151
9782	-151
9783	-151
9784	-151
9785	-151
9786	-151
9787	-151
9788	-151
9789	-151
9790	-151
9791	-151
9792	-151
9793	-151
9794	-151
9795	-151
9796	-151
9797	-151
9798	-151
9799	-151
9800	-151
9801	-151
9802	-151
9803	-151
9804	-151
9805	-151
9806	-151
9807	-151
9808	-151
9809	-151
9810	-151
9811	-151
9812	-151
9813	-151
9814	-151
9815	-151
9816	-151
9817	-151
9818	-151
9819	-151
9820	-151
9821	-151
9822	-151
9823	-151
9824	-151
9825	-151
9826	-151
9827	-151
9828	-151
9829	-151
9830	-151
9831	-151
9832	-151
9833	-151
9834	-151
9835	-151
9836	-151
9837	-151
9838	-151
9839	-151
9840	-151
9841	-151
9842	-151
9843	-151
9844	-151
9845	-151
9846	-151
9847	-151
9848	-151
9849	-151
9850	-151
9851	-151
9852	-151
9853	-151
9854	-151
9855	-151
9856	-151
9857	-151
9858	-151
9859	-151
9860	-151
9861	-151
9862	-151
9863	-151
9864	-151
9865	-151
9866	-151
9867	-151
9868	-151
9869	-151
9870	-151
9871	-151
9872	-151
9873	-151
9874	-151
9875	-151
9876	-151
9877	-151
9878	-151
9879	-151
9880	-151
9881	-151
9882	-151
9883	-151
9884	-151
9885	-151
9886	-151
9887	-151
9888	-151
9889	-151
9890	-151
9891	-151
9892	-151
9893	-151
9894	-151
9895	-151
9896	-151
9897	-151
9898	-151
9899	-151
9900	-151
9901	-151
9902	-151
9903	-151
9904	-151
9905	-151
9906	-151
9907	-151
9908	-151
9909	-151
9910	-151
9911	-151
9912	-151
9913	-151
9914	-151
9915	-151
9916	-151
9917	-151
9918	-151
9919	-151
9920	-151
9921	-151
9922	-151
9923	-151
9924	-151
9925	-151
9926	-151
9927	-151
9928	-151
9929	-151
9930	-151
9931	-151
9932	-151
9933	-151
9934	-151
9935	-151
9936	-151
9937	-151
9938	-151
9939	-151
9940	-151
9941	-151
9942	-151
9943	-151
9944	-151
9945	-151
9946	-151
9947	-151
9948	-151
9949	-151
9950	-151
9951	-151
9952	-151
9953	-151
9954	-151
9955	-151
9956	-151
9957	-151
9958	-151
9959	-151
9960	-151
9961	-151
9962	-151
9963	-151
9964	-151
9965	-151
9966	-151
9967	-151
9968	-151
9969	-151
9970	-151
9971	-151
9972	-151
9973	-151
9974	-151
9975	-151
9976	-151
9977	-151
9978	-151
9979	-151
9980	-151
9981	-151
9982	-151
9983	-151
9984	-151
9985	-151
9986	-151
9987	-151
9988	-151
9989	-151
9990	-151
9991	-151
9992	-151
9993	-151
9994	-151
9995	-151
9996	-151
9997	-151
9998	-151
9999	-151
10000	-151
